0 226
1 247
2 252
3 239
4 220
5 241
6 239
7 247
8 258
9 270
10 258
11 218
12 245
13 211
14 273
15 232
16 200
17 251
18 250
19 252
20 235
21 229
22 264
23 268
24 236
25 241
26 240
27 246
28 248
29 267
30 288
31 238
32 295
33 322
34 276
35 278
36 296
37 342
38 289
39 249
40 329
41 347
42 259
43 300
44 292
45 249
46 289
47 304
48 274
49 262
50 342
51 277
52 296
53 249
54 293
55 243
56 245
57 316
58 240
59 294
60 267
61 239
62 261
63 268
64 289
65 249
66 261
67 233
68 316
69 257
70 210
71 239
72 229
73 251
74 235
75 259
76 229
77 263
78 251
79 264
80 247
81 238
82 239
83 236
84 249
85 223
86 272
87 261
88 262
89 247
90 365
91 389
92 412
93 389
94 399
95 402
