0 139
1 157
2 144
3 158
4 132
5 149
6 131
7 152
8 155
9 168
10 175
11 137
12 150
13 139
14 163
15 144
16 135
17 144
18 171
19 166
20 148
21 154
22 176
23 168
24 132
25 141
26 154
27 148
28 159
29 161
30 198
31 151
32 192
33 223
34 162
35 105
36 183
37 214
38 180
39 162
40 195
41 226
42 148
43 193
44 196
45 145
46 179
47 190
48 162
49 157
50 209
51 166
52 160
53 161
54 175
55 131
56 156
57 193
58 144
59 183
60 140
61 143
62 160
63 163
64 183
65 159
66 163
67 132
68 170
69 152
70 136
71 130
72 130
73 152
74 144
75 152
76 138
77 166
78 142
79 150
80 138
81 156
82 171
83 141
84 148
85 120
86 164
87 177
88 160
89 147
90 205
91 208
92 250
93 226
94 240
95 253
