0.0 378
1.0 898
2.0 1304
3.0 34793
4.0 9234
5.0 1518
6.0 2908
7.0 2485
8.0 1564
9.0 218
10.0 141
11.0 120
12.0 109
13.0 84
14.0 101
15.0 98
16.0 109
17.0 87
18.0 97
19.0 87
20.0 91
21.0 94
22.0 117
23.0 125
24.0 116
25.0 114
26.0 115
27.0 117
28.0 103
29.0 99
30.0 121
31.0 92
32.0 104
33.0 81
34.0 82
35.0 87
36.0 73
37.0 63
38.0 53
39.0 67
40.0 69
41.0 54
42.0 75
43.0 47
44.0 43
45.0 43
46.0 59
47.0 49
48.0 37
49.0 34
50.0 37
51.0 33
52.0 27
53.0 38
54.0 27
55.0 21
56.0 25
57.0 27
58.0 22
59.0 21
60.0 18
61.0 27
62.0 20
63.0 16
64.0 16
65.0 15
66.0 18
67.0 17
68.0 14
69.0 14
70.0 13
71.0 14
72.0 11
73.0 15
74.0 24
75.0 9
76.0 11
77.0 5
78.0 12
79.0 13
80.0 7
81.0 9
82.0 5
83.0 11
84.0 5
85.0 10
86.0 10
87.0 5
88.0 7
89.0 7
90.0 10
91.0 5
92.0 7
93.0 8
94.0 9
95.0 9
96.0 4
97.0 2
98.0 3
99.0 1
100.0 6
101.0 5
102.0 7
103.0 3
104.0 3
105.0 5
106.0 5
107.0 2
108.0 5
109.0 5
110.0 7
111.0 2
112.0 5
113.0 2
114.0 3
115.0 4
116.0 2
117.0 1
118.0 2
119.0 2
120.0 1
121.0 3
122.0 1
123.0 4
124.0 3
125.0 3
126.0 1
127.0 1
128.0 2
129.0 1
130.0 3
131.0 1
132.0 4
133.0 1
134.0 2
135.0 2
136.0 1
137.0 0
138.0 2
139.0 2
140.0 0
141.0 0
142.0 0
143.0 0
144.0 3
145.0 1
146.0 3
147.0 0
148.0 1
149.0 1
150.0 0
151.0 2
152.0 0
153.0 2
154.0 3
155.0 0
156.0 1
157.0 0
158.0 0
159.0 1
160.0 0
161.0 1
162.0 0
163.0 2
164.0 2
165.0 3
166.0 1
167.0 0
168.0 1
169.0 1
170.0 2
171.0 1
172.0 1
173.0 0
174.0 1
175.0 2
176.0 2
177.0 3
178.0 2
179.0 0
180.0 1
181.0 1
182.0 0
183.0 0
184.0 1
185.0 1
186.0 1
187.0 0
188.0 0
189.0 0
190.0 0
191.0 0
192.0 0
193.0 1
194.0 0
195.0 0
196.0 2
197.0 0
198.0 1
199.0 0
200.0 0
201.0 0
202.0 0
203.0 2
204.0 1
205.0 0
206.0 3
207.0 0
208.0 1
209.0 0
210.0 0
211.0 0
212.0 1
213.0 0
214.0 0
215.0 0
216.0 1
217.0 0
218.0 0
219.0 0
220.0 2
221.0 0
222.0 0
223.0 2
224.0 1
225.0 2
226.0 0
227.0 1
228.0 1
229.0 0
230.0 0
231.0 1
232.0 0
233.0 0
234.0 0
235.0 0
236.0 0
237.0 1
238.0 0
239.0 0
240.0 0
241.0 0
242.0 1
243.0 1
244.0 0
245.0 0
246.0 0
247.0 0
248.0 0
249.0 0
250.0 0
251.0 1
252.0 0
253.0 0
254.0 0
255.0 0
256.0 0
257.0 0
258.0 0
259.0 0
260.0 0
261.0 0
262.0 0
263.0 0
264.0 0
265.0 0
266.0 0
267.0 0
268.0 0
269.0 1
270.0 0
271.0 0
272.0 0
273.0 0
274.0 0
275.0 0
276.0 1
277.0 0
278.0 0
279.0 0
280.0 0
281.0 1
282.0 0
283.0 1
284.0 0
285.0 0
286.0 0
287.0 0
288.0 0
289.0 0
290.0 0
291.0 0
292.0 0
293.0 0
294.0 0
295.0 0
296.0 0
297.0 0
298.0 0
299.0 0
300.0 0
301.0 0
302.0 0
303.0 0
304.0 0
305.0 0
306.0 0
307.0 0
308.0 0
309.0 0
310.0 0
311.0 0
312.0 0
313.0 0
314.0 0
315.0 0
316.0 0
317.0 0
318.0 0
319.0 0
320.0 0
321.0 0
322.0 0
323.0 0
324.0 0
325.0 0
326.0 0
327.0 0
328.0 0
329.0 0
330.0 0
331.0 0
332.0 0
333.0 0
334.0 0
335.0 0
336.0 0
337.0 0
338.0 0
339.0 0
340.0 0
341.0 0
342.0 0
343.0 0
344.0 0
345.0 0
346.0 0
347.0 1
348.0 0
349.0 0
350.0 0
351.0 0
352.0 0
353.0 0
354.0 0
355.0 0
356.0 0
357.0 0
358.0 0
359.0 1
360.0 0
