0 153
1 132
2 135
3 147
4 137
5 142
6 118
7 137
8 169
9 146
10 136
11 145
12 128
13 130
14 121
15 126
16 130
17 137
18 118
19 136
20 128
21 137
22 140
23 146
24 166
25 146
26 123
27 152
28 124
29 140
30 154
31 147
32 172
33 137
34 145
35 172
36 170
37 170
38 137
39 138
40 170
41 147
42 150
43 146
44 150
45 149
46 164
47 147
48 162
49 136
50 156
51 124
52 142
53 165
54 113
55 167
56 119
57 165
58 134
59 134
60 125
61 123
62 130
63 143
64 156
65 137
66 144
67 139
68 141
69 116
70 136
71 118
72 130
73 129
74 141
75 118
76 121
77 113
78 121
79 130
80 117
81 119
82 117
83 137
84 147
85 148
86 183
87 130
88 120
89 134
90 208
91 230
92 210
93 207
94 234
95 213
