0.0 35
1.0 65
2.0 73
3.0 81
4.0 75
5.0 77
6.0 83
7.0 114
8.0 111
9.0 110
10.0 116
11.0 116
12.0 108
13.0 117
14.0 131
15.0 149
16.0 130
17.0 131
18.0 134
19.0 108
20.0 118
21.0 150
22.0 149
23.0 142
24.0 141
25.0 188
26.0 194
27.0 207
28.0 248
29.0 230
30.0 240
31.0 250
32.0 283
33.0 347
34.0 399
35.0 503
36.0 517
37.0 543
38.0 537
39.0 555
40.0 452
41.0 477
42.0 431
43.0 402
44.0 362
45.0 327
46.0 318
47.0 274
48.0 245
49.0 249
50.0 216
51.0 164
52.0 156
53.0 189
54.0 157
55.0 138
56.0 130
57.0 128
58.0 117
59.0 99
60.0 101
61.0 110
62.0 92
63.0 95
64.0 89
65.0 78
66.0 74
67.0 81
68.0 95
69.0 101
70.0 74
71.0 69
72.0 63
73.0 52
74.0 63
75.0 67
76.0 49
77.0 51
78.0 63
79.0 56
80.0 56
81.0 46
82.0 40
83.0 51
84.0 44
85.0 43
86.0 40
87.0 36
88.0 34
89.0 28
90.0 41
91.0 38
92.0 31
93.0 33
94.0 30
95.0 24
96.0 23
97.0 24
98.0 23
99.0 26
100.0 20
101.0 21
102.0 22
103.0 24
104.0 29
105.0 23
106.0 23
107.0 17
108.0 20
109.0 14
110.0 21
111.0 27
112.0 13
113.0 17
114.0 13
115.0 15
116.0 12
117.0 12
118.0 17
119.0 15
120.0 11
121.0 16
122.0 14
123.0 23
124.0 14
125.0 12
126.0 8
127.0 15
128.0 13
129.0 18
130.0 24
131.0 15
132.0 9
133.0 6
134.0 15
135.0 12
136.0 15
137.0 10
138.0 13
139.0 10
140.0 15
141.0 7
142.0 13
143.0 13
144.0 12
145.0 14
146.0 6
147.0 16
148.0 15
149.0 6
150.0 6
151.0 10
152.0 7
153.0 12
154.0 10
155.0 10
156.0 10
157.0 2
158.0 9
159.0 7
160.0 8
161.0 8
162.0 9
163.0 6
164.0 9
165.0 4
166.0 11
167.0 10
168.0 8
169.0 3
170.0 11
171.0 11
172.0 2
173.0 5
174.0 5
175.0 2
176.0 4
177.0 11
178.0 5
179.0 5
180.0 4
181.0 8
182.0 6
183.0 5
184.0 8
185.0 3
186.0 2
187.0 7
188.0 5
189.0 3
190.0 8
191.0 4
192.0 6
193.0 5
194.0 4
195.0 6
196.0 2
197.0 1
198.0 6
199.0 7
200.0 3
201.0 6
202.0 6
203.0 2
204.0 4
205.0 2
206.0 5
207.0 2
208.0 5
209.0 4
210.0 8
211.0 4
212.0 2
213.0 3
214.0 4
215.0 3
216.0 5
217.0 0
218.0 6
219.0 2
220.0 4
221.0 4
222.0 7
223.0 3
224.0 4
225.0 3
226.0 2
227.0 3
228.0 4
229.0 3
230.0 7
231.0 6
232.0 4
233.0 3
234.0 2
235.0 2
236.0 3
237.0 3
238.0 4
239.0 5
240.0 6
241.0 0
242.0 0
243.0 3
244.0 3
245.0 3
246.0 0
247.0 2
248.0 1
249.0 3
250.0 5
251.0 3
252.0 3
253.0 2
254.0 5
255.0 3
256.0 3
257.0 2
258.0 4
259.0 2
260.0 1
261.0 1
262.0 2
263.0 0
264.0 0
265.0 0
266.0 2
267.0 1
268.0 3
269.0 2
270.0 2
271.0 1
272.0 0
273.0 4
274.0 2
275.0 4
276.0 0
277.0 2
278.0 1
279.0 3
280.0 2
281.0 1
282.0 1
283.0 3
284.0 3
285.0 1
286.0 1
287.0 2
288.0 1
289.0 1
290.0 1
291.0 1
292.0 2
293.0 1
294.0 0
295.0 4
296.0 3
297.0 1
298.0 2
299.0 1
300.0 0
301.0 1
302.0 1
303.0 2
304.0 3
305.0 1
306.0 3
307.0 0
308.0 3
309.0 1
310.0 1
311.0 4
312.0 4
313.0 0
314.0 3
315.0 3
316.0 0
317.0 1
318.0 2
319.0 1
320.0 1
321.0 0
322.0 0
323.0 0
324.0 0
325.0 1
326.0 0
327.0 0
328.0 0
329.0 0
330.0 2
331.0 0
332.0 0
333.0 1
334.0 2
335.0 0
336.0 0
337.0 2
338.0 3
339.0 0
340.0 0
341.0 0
342.0 0
343.0 3
344.0 0
345.0 1
346.0 1
347.0 0
348.0 0
349.0 1
350.0 0
351.0 0
352.0 0
353.0 0
354.0 2
355.0 2
356.0 0
357.0 0
358.0 0
359.0 0
360.0 2
361.0 0
362.0 1
363.0 1
364.0 0
365.0 1
366.0 0
367.0 1
368.0 0
369.0 1
370.0 1
371.0 1
372.0 0
373.0 1
374.0 1
375.0 0
376.0 0
377.0 1
378.0 0
379.0 0
380.0 0
381.0 1
382.0 0
383.0 0
384.0 2
385.0 0
386.0 0
387.0 0
388.0 0
389.0 0
390.0 0
391.0 0
392.0 2
393.0 0
394.0 0
395.0 0
396.0 0
397.0 0
398.0 0
399.0 0
400.0 1
401.0 1
402.0 0
403.0 0
404.0 1
405.0 0
406.0 0
407.0 0
408.0 0
409.0 1
410.0 0
411.0 0
412.0 0
413.0 1
414.0 0
415.0 1
416.0 0
417.0 0
418.0 0
419.0 0
420.0 0
421.0 1
422.0 1
423.0 0
424.0 0
425.0 0
426.0 0
427.0 0
428.0 0
429.0 1
430.0 1
431.0 2
432.0 0
433.0 0
434.0 0
435.0 0
436.0 0
437.0 1
438.0 1
439.0 0
440.0 0
441.0 0
442.0 0
443.0 0
444.0 0
445.0 0
446.0 0
447.0 0
448.0 0
449.0 1
450.0 0
451.0 0
452.0 0
453.0 0
454.0 0
455.0 0
456.0 1
457.0 0
458.0 0
459.0 0
460.0 1
461.0 1
462.0 1
463.0 0
464.0 0
465.0 0
466.0 0
467.0 0
468.0 0
469.0 0
470.0 0
471.0 1
472.0 1
473.0 0
474.0 0
475.0 0
476.0 1
477.0 0
478.0 0
479.0 0
480.0 0
481.0 1
482.0 0
483.0 0
484.0 0
485.0 0
486.0 1
487.0 2
488.0 0
489.0 0
490.0 1
491.0 0
492.0 0
493.0 1
494.0 0
495.0 0
496.0 0
497.0 0
498.0 0
499.0 0
500.0 0
501.0 0
502.0 0
503.0 0
504.0 0
505.0 0
506.0 0
507.0 0
508.0 0
509.0 0
510.0 1
511.0 0
512.0 1
513.0 0
514.0 0
515.0 0
516.0 0
517.0 0
518.0 0
519.0 0
520.0 0
521.0 0
522.0 0
523.0 0
524.0 0
525.0 0
526.0 0
527.0 0
528.0 0
529.0 1
530.0 0
531.0 0
532.0 0
533.0 0
534.0 0
535.0 0
536.0 1
537.0 0
538.0 0
539.0 0
540.0 0
541.0 0
542.0 0
543.0 0
544.0 0
545.0 0
546.0 0
547.0 0
548.0 0
549.0 0
550.0 0
551.0 0
552.0 0
553.0 0
554.0 0
555.0 0
556.0 0
557.0 0
558.0 0
559.0 0
560.0 0
561.0 0
562.0 0
563.0 0
564.0 0
565.0 0
566.0 1
567.0 0
568.0 0
569.0 0
570.0 1
571.0 0
572.0 1
573.0 1
574.0 0
575.0 0
576.0 0
577.0 0
578.0 0
579.0 0
580.0 0
581.0 0
582.0 0
583.0 0
584.0 0
585.0 0
586.0 0
587.0 0
588.0 0
589.0 0
590.0 0
591.0 0
592.0 0
593.0 0
594.0 0
595.0 0
596.0 0
597.0 0
598.0 0
599.0 0
600.0 0
601.0 1
602.0 0
603.0 0
604.0 0
605.0 0
606.0 0
607.0 1
608.0 0
609.0 0
610.0 0
611.0 0
612.0 1
613.0 0
614.0 0
615.0 0
616.0 0
617.0 0
618.0 1
619.0 0
620.0 0
621.0 0
622.0 0
623.0 0
624.0 0
625.0 0
626.0 0
627.0 0
628.0 0
629.0 0
630.0 0
631.0 0
632.0 0
633.0 0
634.0 0
635.0 0
636.0 0
637.0 0
638.0 0
639.0 0
640.0 0
641.0 0
642.0 0
643.0 0
644.0 0
645.0 0
646.0 0
647.0 0
648.0 0
649.0 0
650.0 0
651.0 0
652.0 0
653.0 0
654.0 0
655.0 0
656.0 0
657.0 0
658.0 0
659.0 0
660.0 0
661.0 0
662.0 0
663.0 0
664.0 0
665.0 0
666.0 0
667.0 0
668.0 0
669.0 1
670.0 0
