# time totalContactTime
1005.0000 1.5000
1006.0000 5.2000
1007.0000 10.8000
1008.0000 17.6000
1009.0000 26.6000
1010.0000 37.4000
1011.0000 50.3000
1012.0000 65.4000
1013.0000 81.4000
1014.0000 97.6000
1015.0000 117.1000
1016.0000 135.3000
1017.0000 154.1000
1018.0000 175.6000
1019.0000 199.3000
1020.0000 224.4000
1021.0000 249.5000
1022.0000 275.5000
1023.0000 301.8000
1024.0000 330.4000
1025.1000 362.8000
1026.2000 394.5000
1027.3000 426.5000
1028.4000 460.3000
1029.5000 491.6000
1030.6000 521.0000
1031.7000 548.7000
1032.8000 575.1000
1033.9000 603.0000
1035.0000 632.8000
1036.1000 662.8000
1037.2000 692.9000
1038.3000 722.6000
1039.4000 753.3000
1040.5000 784.8000
1041.6000 817.5000
1042.7000 850.9000
1043.8000 882.2000
1044.9000 911.6000
1046.0000 941.5000
1047.1000 970.6000
1048.2000 999.0000
1049.3000 1027.7000
1050.4000 1055.5000
1051.5000 1083.5000
1052.6000 1113.1000
1053.7000 1141.9000
1054.8000 1171.1000
1055.9000 1199.7000
1057.0000 1228.3000
1058.1000 1258.2000
1059.2000 1288.5000
1060.3000 1319.4000
1061.4000 1350.8000
1062.5000 1382.0000
1063.6000 1414.1000
1064.7000 1445.8000
1065.8000 1475.9000
1066.9000 1506.3000
1068.0000 1536.7000
1069.1000 1567.8000
1070.2000 1600.2000
1071.3000 1632.2000
1072.4000 1664.4000
1073.5000 1696.1000
1074.6000 1727.7000
1075.7000 1759.3000
1076.8000 1792.4000
1077.9000 1827.3000
1079.0000 1861.9000
1080.1000 1896.7000
1081.2000 1932.9000
1082.3000 1968.7000
1083.4000 2003.5000
1084.5000 2037.7000
1085.6000 2071.4000
1086.7000 2104.7000
1087.8000 2137.0000
1088.9000 2168.9000
1090.0000 2201.9000
1091.1000 2234.9000
1092.2000 2266.7000
1093.3000 2297.5000
1094.4000 2327.5000
1095.5000 2356.5000
1096.6000 2385.5000
1097.7000 2410.8000
1098.8000 2434.7000
1099.9000 2458.2000
1101.0000 2480.2000
1102.1000 2500.7000
1103.2000 2520.0000
1104.3000 2539.8000
1105.4000 2559.1000
1106.5000 2578.2000
1107.6000 2596.6000
1108.7000 2613.4000
1109.8000 2631.0000
1110.9000 2649.0000
1112.0000 2666.2000
1113.1000 2683.7000
1114.2000 2701.9000
1115.3000 2721.4000
1116.4000 2741.8000
1117.5000 2763.3000
1118.6000 2784.7000
1119.7000 2804.7000
1120.8000 2825.0000
1121.9000 2844.8000
1123.0000 2864.6000
1124.1000 2883.1000
1125.2000 2900.7000
1126.3000 2919.6000
1127.4000 2938.0000
1128.5000 2955.8000
1129.6000 2975.7000
1130.7000 2998.1000
1131.8000 3020.8000
1132.9000 3042.9000
1134.0000 3065.2000
1135.1000 3088.1000
1136.2000 3112.4000
1137.3000 3138.0000
1138.4000 3166.8000
1139.5000 3196.5000
1140.6000 3225.8000
1141.7000 3254.5000
1142.8000 3280.5000
1143.9000 3305.8000
1145.0000 3331.4000
1146.1000 3357.7000
1147.2000 3384.3000
1148.3000 3409.6000
1149.4000 3435.7000
1150.5000 3463.5000
1151.6000 3490.4000
1152.7000 3518.1000
1153.8000 3546.8000
1154.9000 3578.3000
1156.0000 3611.0000
1157.1000 3643.5000
1158.2000 3677.4000
1159.3000 3709.0000
1160.4000 3739.0000
1161.5000 3770.1000
1162.6000 3802.3000
1163.7000 3833.4000
1164.8000 3864.2000
1165.9000 3895.5000
1167.0000 3927.4000
1168.1000 3959.6000
1169.2000 3991.3000
1170.3000 4023.4000
1171.4000 4052.6000
1172.5000 4080.6000
1173.6000 4108.3000
1174.7000 4135.3000
1175.8000 4165.0000
1176.9000 4197.4000
1178.0000 4228.7000
1179.1000 4260.8000
1180.2000 4294.5000
1181.3000 4327.7000
1182.4000 4360.0000
1183.5000 4392.0000
1184.6000 4423.3000
1185.7000 4454.1000
1186.8000 4484.9000
1187.9000 4515.3000
1189.0000 4545.6000
1190.1000 4575.9000
1191.2000 4607.7000
1192.3000 4641.2000
1193.4000 4675.0000
1194.5000 4709.1000
1195.6000 4741.5000
1196.7000 4772.6000
1197.8000 4802.7000
1198.9000 4831.9000
1200.0000 4858.9000
1201.1000 4884.0000
1202.2000 4909.2000
1203.3000 4934.7000
1204.4000 4961.7000
1205.5000 4991.1000
1206.6000 5020.6000
1207.7000 5049.7000
1208.8000 5079.4000
1209.9000 5108.5000
1211.0000 5136.0000
1212.1000 5162.7000
1213.2000 5188.6000
1214.3000 5214.9000
1215.4000 5239.8000
1216.5000 5263.4000
1217.6000 5288.6000
1218.7000 5315.0000
1219.8000 5340.9000
1220.9000 5366.2000
1222.0000 5392.9000
1223.1000 5418.6000
1224.2000 5443.0000
1225.3000 5466.1000
1226.4000 5487.8000
1227.5000 5508.7000
1228.6000 5529.6000
1229.7000 5550.5000
1230.8000 5570.7000
1231.9000 5590.8000
1233.0000 5611.7000
1234.1000 5631.8000
1235.2000 5649.5000
1236.3000 5667.4000
1237.4000 5685.3000
1238.5000 5705.3000
1239.6000 5725.3000
1240.7000 5745.1000
1241.8000 5764.5000
1242.9000 5784.2000
1244.0000 5806.5000
1245.1000 5831.7000
1246.2000 5856.8000
1247.3000 5881.7000
1248.4000 5905.9000
1249.5000 5930.1000
1250.6000 5954.3000
1251.7000 5978.6000
1252.8000 6003.8000
1253.9000 6026.5000
1255.0000 6047.5000
1256.1000 6066.7000
1257.2000 6086.5000
1258.3000 6107.9000
1259.4000 6129.6000
1260.5000 6148.2000
1261.6000 6166.1000
1262.7000 6184.1000
1263.8000 6199.9000
1264.9000 6215.3000
1266.0000 6233.6000
1267.1000 6251.2000
1268.2000 6269.5000
1269.3000 6288.2000
1270.4000 6307.8000
1271.5000 6328.0000
1272.6000 6348.1000
1273.7000 6370.2000
1274.8000 6392.0000
1275.9000 6414.9000
1277.0000 6437.5000
1278.1000 6460.6000
1279.2000 6484.7000
1280.3000 6509.3000
1281.4000 6533.3000
1282.5000 6558.6000
1283.6000 6582.8000
1284.7000 6607.0000
1285.8000 6631.2000
1286.9000 6655.4000
1288.0000 6680.2000
1289.1000 6705.7000
1290.2000 6731.1000
1291.3000 6754.9000
1292.4000 6778.0000
1293.5000 6801.8000
1294.6000 6824.9000
1295.7000 6847.3000
1296.8000 6871.4000
1297.9000 6898.1000
1299.0000 6925.6000
1300.1000 6951.0000
1301.2000 6976.4000
1302.3000 7002.1000
1303.4000 7028.9000
1304.5000 7058.6000
1305.6000 7088.1000
1306.7000 7118.7000
1307.8000 7150.0000
1308.9000 7181.5000
1310.0000 7213.5000
1311.1000 7246.6000
1312.2000 7278.5000
1313.3000 7310.1000
1314.4000 7343.4000
1315.5000 7378.6000
1316.6000 7412.0000
1317.7000 7445.0000
1318.8000 7480.7000
1319.9000 7518.1000
1321.0000 7554.6000
1322.1000 7589.1000
1323.2000 7623.5000
1324.3000 7657.4000
1325.4000 7692.1000
1326.5000 7725.6000
1327.6000 7757.5000
1328.7000 7787.7000
1329.8000 7816.6000
1330.9000 7846.0000
1332.0000 7874.6000
1333.1000 7902.4000
1334.2000 7932.8000
1335.3000 7960.5000
1336.4000 7989.6000
1337.5000 8021.8000
1338.6000 8056.7000
1339.7000 8092.0000
1340.8000 8126.5000
1341.9000 8159.3000
1343.0000 8190.1000
1344.1000 8220.4000
1345.2000 8249.1000
1346.3000 8278.8000
1347.4000 8307.0000
1348.5000 8336.6000
1349.6000 8366.9000
1350.7000 8396.8000
1351.8000 8426.6000
1352.9000 8455.2000
1354.0000 8481.7000
1355.1000 8507.6000
1356.2000 8533.9000
1357.3000 8560.0000
1358.4000 8585.5000
1359.5000 8610.8000
1360.6000 8636.9000
1361.7000 8665.3000
1362.8000 8695.2000
1363.9000 8725.6000
1365.0000 8759.7000
1366.1000 8793.8000
1367.2000 8827.3000
1368.3000 8861.3000
1369.4000 8895.1000
1370.5000 8930.4000
1371.6000 8967.7000
1372.7000 9004.1000
1373.8000 9038.7000
1374.9000 9072.1000
1376.0000 9107.8000
1377.1000 9146.4000
1378.2000 9184.9000
1379.3000 9222.8000
1380.4000 9261.6000
1381.5000 9300.8000
1382.6000 9339.5000
1383.7000 9377.5000
1384.8000 9416.4000
1385.9000 9453.5000
1387.0000 9488.8000
1388.1000 9525.3000
1389.2000 9562.6000
1390.3000 9598.9000
1391.4000 9635.7000
1392.5000 9674.1000
1393.6000 9711.9000
1394.7000 9749.5000
1395.8000 9788.6000
1396.9000 9829.3000
1398.0000 9870.8000
1399.1000 9911.1000
1400.2000 9952.1000
1401.3000 9991.0000
1402.4000 10032.4000
1403.5000 10077.4000
1404.6000 10121.8000
1405.7000 10167.6000
1406.8000 10214.9000
1407.9000 10261.9000
1409.0000 10308.1000
1410.1000 10353.3000
1411.2000 10395.2000
1412.3000 10435.0000
1413.4000 10474.9000
1414.5000 10515.6000
1415.6000 10556.5000
1416.7000 10594.1000
1417.8000 10630.1000
1418.9000 10662.9000
1420.0000 10694.8000
1421.1000 10724.3000
1422.2000 10751.7000
1423.3000 10778.1000
1424.4000 10803.9000
1425.5000 10826.4000
1426.6000 10848.4000
1427.7000 10870.4000
1428.8000 10891.5000
1429.9000 10912.6000
1431.0000 10934.3000
1432.1000 10958.0000
1433.2000 10982.2000
1434.3000 11005.9000
1435.4000 11029.0000
1436.5000 11052.1000
1437.6000 11075.6000
1438.7000 11098.6000
1439.8000 11120.6000
1440.9000 11143.7000
1442.0000 11169.0000
1443.1000 11194.1000
1444.2000 11218.2000
1445.3000 11241.8000
1446.4000 11266.0000
1447.5000 11290.2000
1448.6000 11316.8000
1449.7000 11346.2000
1450.8000 11378.7000
1451.9000 11409.3000
1453.0000 11437.9000
1454.1000 11466.8000
1455.2000 11498.1000
1456.3000 11531.1000
1457.4000 11563.4000
1458.5000 11594.0000
1459.6000 11624.0000
1460.7000 11653.1000
1461.8000 11681.3000
1462.9000 11708.1000
1464.0000 11735.4000
1465.1000 11762.9000
1466.2000 11789.9000
1467.3000 11817.4000
1468.4000 11843.2000
1469.5000 11867.9000
1470.6000 11893.9000
1471.7000 11921.4000
1472.8000 11951.4000
1473.9000 11981.4000
1475.0000 12009.8000
1476.1000 12036.4000
1477.2000 12063.7000
1478.3000 12092.3000
1479.4000 12120.9000
1480.5000 12150.6000
1481.6000 12183.3000
1482.7000 12217.7000
1483.8000 12252.9000
1484.9000 12288.4000
1486.0000 12326.3000
1487.1000 12365.5000
1488.2000 12405.0000
1489.3000 12442.9000
1490.4000 12479.3000
1491.5000 12514.1000
1492.6000 12548.7000
1493.7000 12584.2000
1494.8000 12618.6000
1495.9000 12650.6000
1497.0000 12681.2000
1498.1000 12710.9000
1499.2000 12740.1000
1500.3000 12768.4000
1501.4000 12796.8000
1502.5000 12822.3000
1503.6000 12848.0000
1504.7000 12874.8000
1505.8000 12898.7000
1506.9000 12921.8000
1508.0000 12945.5000
1509.1000 12968.8000
1510.2000 12991.4000
1511.3000 13013.9000
1512.4000 13038.0000
1513.5000 13061.5000
1514.6000 13084.6000
1515.7000 13107.8000
1516.8000 13130.3000
1517.9000 13153.1000
1519.0000 13175.0000
1520.1000 13197.7000
1521.2000 13220.0000
1522.3000 13242.0000
1523.4000 13265.0000
1524.5000 13289.0000
1525.6000 13313.2000
1526.7000 13337.2000
1527.8000 13360.2000
1528.9000 13382.9000
1530.0000 13406.0000
1531.1000 13432.0000
1532.2000 13456.0000
1533.3000 13478.6000
1534.4000 13502.5000
1535.5000 13524.7000
1536.6000 13547.9000
1537.7000 13573.0000
1538.8000 13598.3000
1539.9000 13623.0000
1541.0000 13647.8000
1542.1000 13674.0000
1543.2000 13700.6000
1544.3000 13727.0000
1545.4000 13754.8000
1546.5000 13784.1000
1547.6000 13812.0000
1548.7000 13839.1000
1549.8000 13864.6000
1550.9000 13889.1000
1552.0000 13912.6000
1553.1000 13936.8000
1554.2000 13961.4000
1555.3000 13986.5000
1556.4000 14009.4000
1557.5000 14030.6000
1558.6000 14051.2000
1559.7000 14072.0000
1560.8000 14092.2000
1561.9000 14112.0000
1563.0000 14133.2000
1564.1000 14154.6000
1565.2000 14176.5000
1566.3000 14197.4000
1567.4000 14217.8000
1568.5000 14238.2000
1569.6000 14259.1000
1570.7000 14281.1000
1571.8000 14304.3000
1572.9000 14329.4000
1574.0000 14355.1000
1575.1000 14383.3000
1576.2000 14412.0000
1577.3000 14441.0000
1578.4000 14467.5000
1579.5000 14495.7000
1580.6000 14526.2000
1581.7000 14558.1000
1582.8000 14588.3000
1583.9000 14618.1000
1585.0000 14648.4000
1586.1000 14679.6000
1587.2000 14710.6000
1588.3000 14740.3000
1589.4000 14771.0000
1590.5000 14800.2000
1591.6000 14827.1000
1592.7000 14852.3000
1593.8000 14877.9000
1594.9000 14902.7000
1596.0000 14927.5000
1597.1000 14951.8000
1598.2000 14974.7000
1599.3000 14997.7000
1600.4000 15019.7000
1601.5000 15042.3000
1602.6000 15065.4000
1603.7000 15089.4000
1604.8000 15112.4000
1605.9000 15133.3000
1607.0000 15154.0000
1608.1000 15172.3000
1609.2000 15191.1000
1610.3000 15211.9000
1611.4000 15236.0000
1612.5000 15258.9000
1613.6000 15280.7000
1614.7000 15302.8000
1615.8000 15324.8000
1616.9000 15346.8000
1618.0000 15366.9000
1619.1000 15386.2000
1620.2000 15405.3000
1621.3000 15424.9000
1622.4000 15443.2000
1623.5000 15461.1000
1624.6000 15479.1000
1625.7000 15496.9000
1626.8000 15516.3000
1627.9000 15539.4000
1629.0000 15562.6000
1630.1000 15585.9000
1631.2000 15609.2000
1632.3000 15634.5000
1633.4000 15659.8000
1634.5000 15685.4000
1635.6000 15712.3000
1636.7000 15739.5000
1637.8000 15767.6000
1638.9000 15797.1000
1640.0000 15826.8000
1641.1000 15855.7000
1642.2000 15883.7000
1643.3000 15912.1000
1644.4000 15940.6000
1645.5000 15969.2000
1646.6000 15999.9000
1647.7000 16028.6000
1648.8000 16058.0000
1649.9000 16087.7000
1651.0000 16115.6000
1652.1000 16144.4000
1653.2000 16174.0000
1654.3000 16203.7000
1655.4000 16234.3000
1656.5000 16262.9000
1657.6000 16289.8000
1658.7000 16316.2000
1659.8000 16344.8000
1660.9000 16374.3000
1662.0000 16405.4000
1663.1000 16437.4000
1664.2000 16466.5000
1665.3000 16494.7000
1666.4000 16522.5000
1667.5000 16550.3000
1668.6000 16577.3000
1669.7000 16603.7000
1670.8000 16630.6000
1671.9000 16657.9000
1673.0000 16684.8000
1674.1000 16712.3000
1675.2000 16741.3000
1676.3000 16770.9000
1677.4000 16801.1000
1678.5000 16831.2000
1679.6000 16858.5000
1680.7000 16885.4000
1681.8000 16914.3000
1682.9000 16945.1000
1684.0000 16977.0000
1685.1000 17008.9000
1686.2000 17041.9000
1687.3000 17076.0000
1688.4000 17111.0000
1689.5000 17145.9000
1690.6000 17182.5000
1691.7000 17222.8000
1692.8000 17263.6000
1693.9000 17306.3000
1695.0000 17347.9000
1696.1000 17387.0000
1697.2000 17425.5000
1698.3000 17462.4000
1699.4000 17500.6000
1700.5000 17539.1000
1701.6000 17577.6000
1702.7000 17617.7000
1703.8000 17658.5000
1704.9000 17699.8000
1706.0000 17743.1000
1707.1000 17785.5000
1708.2000 17827.7000
1709.3000 17869.8000
1710.4000 17911.9000
1711.5000 17954.9000
1712.6000 17999.0000
1713.7000 18043.5000
1714.8000 18088.5000
1715.9000 18131.9000
1717.0000 18174.5000
1718.1000 18218.4000
1719.2000 18263.2000
1720.3000 18308.5000
1721.4000 18352.0000
1722.5000 18394.6000
1723.6000 18437.9000
1724.7000 18483.3000
1725.8000 18526.2000
1726.9000 18567.5000
1728.0000 18606.5000
1729.1000 18646.4000
1730.2000 18687.5000
1731.3000 18729.0000
1732.4000 18770.8000
1733.5000 18813.7000
1734.6000 18858.0000
1735.7000 18902.2000
1736.8000 18947.6000
1737.9000 18995.0000
1739.0000 19044.9000
1740.1000 19093.9000
1741.2000 19143.7000
1742.3000 19195.8000
1743.4000 19248.8000
1744.5000 19300.1000
1745.6000 19351.0000
1746.7000 19400.8000
1747.8000 19450.6000
1748.9000 19498.4000
1750.0000 19546.5000
1751.1000 19593.2000
1752.2000 19641.0000
1753.3000 19690.5000
1754.4000 19740.6000
1755.5000 19788.0000
1756.6000 19833.8000
1757.7000 19878.4000
1758.8000 19922.9000
1759.9000 19968.8000
1761.0000 20015.0000
1762.1000 20062.0000
1763.2000 20107.5000
1764.3000 20152.6000
1765.4000 20197.4000
1766.5000 20242.1000
1767.6000 20287.5000
1768.7000 20335.6000
1769.8000 20383.7000
1770.9000 20434.6000
1772.0000 20486.3000
1773.1000 20539.4000
1774.2000 20597.4000
1775.3000 20658.8000
1776.4000 20720.9000
1777.5000 20779.3000
1778.6000 20835.2000
1779.7000 20891.4000
1780.8000 20948.4000
1781.9000 21005.7000
1783.0000 21064.6000
1784.1000 21127.3000
1785.2000 21191.3000
1786.3000 21255.6000
1787.4000 21322.8000
1788.5000 21391.8000
1789.6000 21461.4000
1790.7000 21530.4000
1791.8000 21598.2000
1792.9000 21665.1000
1794.0000 21738.3000
1795.1000 21811.2000
1796.2000 21881.5000
1797.3000 21953.9000
1798.4000 22025.1000
1799.5000 22095.9000
1800.6000 22165.0000
1801.7000 22231.9000
1802.8000 22299.4000
1803.9000 22365.0000
1805.0000 22428.3000
1806.1000 22489.2000
1807.2000 22548.0000
1808.3000 22604.4000
1809.4000 22658.2000
1810.5000 22711.6000
1811.6000 22764.6000
1812.7000 22816.0000
1813.8000 22866.5000
1814.9000 22918.4000
1816.0000 22969.7000
1817.1000 23020.5000
1818.2000 23071.1000
1819.3000 23120.5000
1820.4000 23168.9000
1821.5000 23216.3000
1822.6000 23263.7000
1823.7000 23311.1000
1824.8000 23355.7000
1825.9000 23400.9000
1827.0000 23446.8000
1828.1000 23492.8000
1829.2000 23538.3000
1830.3000 23582.3000
1831.4000 23626.2000
1832.5000 23669.5000
1833.6000 23714.8000
1834.7000 23759.9000
1835.8000 23805.5000
1836.9000 23852.3000
1838.0000 23898.3000
1839.1000 23946.4000
1840.2000 23995.0000
1841.3000 24044.8000
1842.4000 24098.4000
1843.5000 24152.8000
1844.6000 24206.2000
1845.7000 24261.0000
1846.8000 24315.2000
1847.9000 24371.1000
1849.0000 24427.4000
1850.1000 24482.9000
1851.2000 24540.2000
1852.3000 24598.0000
1853.4000 24653.2000
1854.5000 24706.6000
1855.6000 24759.9000
1856.7000 24813.1000
1857.8000 24865.9000
1858.9000 24920.8000
1860.0000 24977.7000
1861.1000 25031.1000
1862.2000 25083.5000
1863.3000 25137.3000
1864.4000 25190.0000
1865.5000 25241.7000
1866.6000 25293.8000
1867.7000 25344.3000
1868.8000 25396.5000
1869.9000 25448.7000
1871.0000 25501.0000
1872.1000 25552.2000
1873.2000 25601.7000
1874.3000 25649.0000
1875.4000 25694.5000
1876.5000 25738.1000
1877.6000 25779.0000
1878.7000 25821.4000
1879.8000 25859.7000
1880.9000 25897.9000
1882.0000 25939.2000
1883.1000 25979.9000
1884.2000 26019.3000
1885.3000 26058.9000
1886.4000 26097.0000
1887.5000 26132.3000
1888.6000 26163.5000
1889.7000 26195.2000
1890.8000 26227.7000
1891.9000 26260.7000
1893.0000 26293.0000
1894.1000 26324.6000
1895.2000 26355.9000
1896.3000 26388.4000
1897.4000 26422.0000
1898.5000 26456.8000
1899.6000 26490.9000
1900.7000 26524.4000
1901.8000 26557.6000
1902.9000 26589.2000
1904.0000 26620.5000
1905.1000 26651.5000
1906.2000 26683.4000
1907.3000 26715.3000
1908.4000 26747.2000
1909.5000 26779.4000
1910.6000 26812.1000
1911.7000 26844.6000
1912.8000 26877.8000
1913.9000 26912.0000
1915.0000 26945.5000
1916.1000 26979.3000
1917.2000 27016.4000
1918.3000 27053.6000
1919.4000 27092.8000
1920.5000 27130.8000
1921.6000 27170.4000
1922.7000 27210.0000
1923.8000 27250.2000
1924.9000 27287.3000
1926.0000 27319.8000
1927.1000 27354.0000
1928.2000 27389.6000
1929.3000 27427.5000
1930.4000 27466.7000
1931.5000 27504.1000
1932.6000 27541.0000
1933.7000 27578.6000
1934.8000 27616.8000
1935.9000 27654.6000
1937.0000 27694.2000
1938.1000 27733.5000
1939.2000 27771.8000
1940.3000 27810.1000
1941.4000 27848.7000
1942.5000 27887.2000
1943.6000 27925.8000
1944.7000 27964.6000
1945.8000 28005.0000
1946.9000 28044.4000
1948.0000 28083.1000
1949.1000 28120.0000
1950.2000 28156.3000
1951.3000 28194.3000
1952.4000 28232.4000
1953.5000 28269.1000
1954.6000 28306.0000
1955.7000 28341.6000
1956.8000 28378.7000
1957.9000 28417.2000
1959.0000 28456.0000
1960.1000 28494.3000
1961.2000 28530.6000
1962.3000 28568.0000
1963.4000 28604.4000
1964.5000 28639.7000
1965.6000 28677.8000
1966.7000 28714.4000
1967.8000 28750.5000
1968.9000 28783.8000
1970.0000 28815.4000
1971.1000 28847.3000
1972.2000 28880.8000
1973.3000 28915.6000
1974.4000 28950.9000
1975.5000 28985.5000
1976.6000 29019.0000
1977.7000 29051.0000
1978.8000 29082.3000
1979.9000 29113.9000
1981.0000 29147.1000
1982.1000 29179.7000
1983.2000 29213.3000
1984.3000 29248.0000
1985.4000 29284.2000
1986.5000 29321.6000
1987.6000 29360.2000
1988.7000 29403.1000
1989.8000 29447.3000
1990.9000 29491.6000
1992.0000 29536.6000
1993.1000 29583.8000
1994.2000 29633.1000
1995.3000 29685.1000
1996.4000 29739.9000
1997.5000 29795.5000
1998.6000 29847.5000
1999.7000 29899.8000
2000.8000 29951.8000
2001.9000 30002.3000
2003.0000 30050.5000
2004.1000 30096.8000
2005.2000 30140.9000
2006.3000 30183.5000
2007.4000 30223.2000
2008.5000 30261.3000
2009.6000 30299.8000
2010.7000 30337.8000
2011.8000 30374.1000
2012.9000 30408.2000
2014.0000 30443.0000
2015.1000 30477.1000
2016.2000 30513.3000
2017.3000 30550.0000
2018.4000 30586.0000
2019.5000 30621.2000
2020.6000 30654.5000
2021.7000 30687.4000
2022.8000 30721.5000
2023.9000 30755.2000
2025.0000 30790.2000
2026.1000 30824.8000
2027.2000 30858.5000
2028.3000 30894.0000
2029.4000 30930.3000
2030.5000 30966.0000
2031.6000 31002.0000
2032.7000 31037.5000
2033.8000 31073.4000
2034.9000 31110.7000
2036.0000 31150.6000
2037.1000 31190.5000
2038.2000 31228.7000
2039.3000 31264.3000
2040.4000 31301.2000
2041.5000 31339.6000
2042.6000 31379.6000
2043.7000 31421.0000
2044.8000 31461.1000
2045.9000 31503.0000
2047.0000 31543.6000
2048.1000 31580.2000
2049.2000 31614.5000
2050.3000 31648.3000
2051.4000 31681.1000
2052.5000 31714.1000
2053.6000 31746.0000
2054.7000 31778.2000
2055.8000 31810.1000
2056.9000 31844.0000
2058.0000 31877.4000
2059.1000 31909.5000
2060.2000 31942.7000
2061.3000 31977.1000
2062.4000 32010.6000
2063.5000 32044.5000
2064.6000 32078.5000
2065.7000 32112.7000
2066.8000 32146.3000
2067.9000 32179.3000
2069.0000 32212.4000
2070.1000 32247.1000
2071.2000 32281.1000
2072.3000 32312.5000
2073.4000 32343.8000
2074.5000 32374.9000
2075.6000 32405.7000
2076.7000 32434.6000
2077.8000 32461.6000
2078.9000 32489.9000
2080.0000 32519.0000
2081.1000 32551.0000
2082.2000 32586.2000
2083.3000 32621.2000
2084.4000 32657.3000
2085.5000 32696.6000
2086.6000 32737.3000
2087.7000 32778.8000
2088.8000 32823.9000
2089.9000 32870.5000
2091.0000 32916.1000
2092.1000 32962.7000
2093.2000 33008.2000
2094.3000 33052.3000
2095.4000 33097.0000
2096.5000 33139.1000
2097.6000 33180.2000
2098.7000 33220.3000
2099.8000 33259.3000
2100.9000 33298.6000
2102.0000 33337.7000
2103.1000 33373.6000
2104.2000 33409.0000
2105.3000 33444.1000
2106.4000 33480.4000
2107.5000 33518.5000
2108.6000 33557.2000
2109.7000 33595.1000
2110.8000 33632.0000
2111.9000 33668.3000
2113.0000 33705.0000
2114.1000 33743.0000
2115.2000 33781.5000
2116.3000 33816.7000
2117.4000 33849.3000
2118.5000 33880.1000
2119.6000 33911.9000
2120.7000 33944.0000
2121.8000 33976.9000
2122.9000 34010.7000
2124.0000 34043.7000
2125.1000 34075.8000
2126.2000 34105.8000
2127.3000 34135.3000
2128.4000 34164.2000
2129.5000 34191.7000
2130.6000 34220.8000
2131.7000 34250.8000
2132.8000 34279.5000
2133.9000 34308.1000
2135.0000 34337.4000
2136.1000 34367.1000
2137.2000 34397.7000
2138.3000 34429.1000
2139.4000 34460.9000
2140.5000 34491.7000
2141.6000 34522.0000
2142.7000 34553.4000
2143.8000 34586.8000
2144.9000 34619.2000
2146.0000 34652.8000
2147.1000 34688.8000
2148.2000 34726.9000
2149.3000 34764.3000
2150.4000 34803.0000
2151.5000 34842.3000
2152.6000 34882.4000
2153.7000 34922.3000
2154.8000 34959.7000
2155.9000 34994.0000
2157.0000 35025.6000
2158.1000 35056.9000
2159.2000 35087.1000
2160.3000 35116.2000
2161.4000 35147.0000
2162.5000 35178.6000
2163.6000 35208.9000
2164.7000 35240.4000
2165.8000 35272.1000
2166.9000 35302.4000
2168.0000 35332.7000
2169.1000 35364.7000
2170.2000 35397.3000
2171.3000 35429.6000
2172.4000 35462.2000
2173.5000 35496.9000
2174.6000 35529.1000
2175.7000 35563.4000
2176.8000 35598.6000
2177.9000 35633.7000
2179.0000 35669.7000
2180.1000 35705.6000
2181.2000 35739.1000
2182.3000 35772.9000
2183.4000 35808.5000
2184.5000 35845.1000
2185.6000 35882.4000
2186.7000 35918.2000
2187.8000 35954.2000
2188.9000 35992.6000
2190.0000 36030.6000
2191.1000 36066.5000
2192.2000 36102.5000
2193.3000 36138.4000
2194.4000 36174.6000
2195.5000 36214.5000
2196.6000 36255.2000
2197.7000 36295.8000
2198.8000 36335.6000
2199.9000 36378.5000
2201.0000 36425.5000
2202.1000 36472.8000
2203.2000 36519.6000
2204.3000 36566.4000
2205.4000 36614.7000
2206.5000 36665.3000
2207.6000 36719.2000
2208.7000 36773.0000
2209.8000 36826.4000
2210.9000 36878.9000
2212.0000 36932.1000
2213.1000 36984.7000
2214.2000 37035.7000
2215.3000 37086.4000
2216.4000 37135.8000
2217.5000 37184.9000
2218.6000 37234.2000
2219.7000 37284.0000
2220.8000 37332.4000
2221.9000 37382.5000
2223.0000 37428.2000
2224.1000 37472.2000
2225.2000 37517.6000
2226.3000 37563.1000
2227.4000 37608.8000
2228.5000 37654.3000
2229.6000 37700.6000
2230.7000 37745.9000
2231.8000 37790.7000
2232.9000 37837.9000
2234.0000 37886.7000
2235.1000 37934.7000
2236.2000 37981.8000
2237.3000 38028.8000
2238.4000 38074.9000
2239.5000 38119.6000
2240.6000 38163.4000
2241.7000 38209.1000
2242.8000 38254.0000
2243.9000 38297.4000
2245.0000 38341.7000
2246.1000 38387.9000
2247.2000 38435.5000
2248.3000 38481.4000
2249.4000 38524.0000
2250.5000 38563.7000
2251.6000 38604.7000
2252.7000 38646.9000
2253.8000 38689.2000
2254.9000 38734.2000
2256.0000 38779.4000
2257.1000 38824.5000
2258.2000 38870.6000
2259.3000 38915.4000
2260.4000 38959.8000
2261.5000 39003.5000
2262.6000 39046.4000
2263.7000 39087.2000
2264.8000 39126.7000
2265.9000 39165.2000
2267.0000 39203.9000
2268.1000 39240.2000
2269.2000 39274.4000
2270.3000 39307.5000
2271.4000 39340.8000
2272.5000 39372.5000
2273.6000 39405.3000
2274.7000 39439.4000
2275.8000 39473.8000
2276.9000 39508.5000
2278.0000 39543.9000
2279.1000 39580.1000
2280.2000 39616.1000
2281.3000 39655.6000
2282.4000 39696.3000
2283.5000 39736.2000
2284.6000 39777.0000
2285.7000 39817.4000
2286.8000 39857.4000
2287.9000 39899.0000
2289.0000 39942.0000
2290.1000 39987.6000
2291.2000 40033.4000
2292.3000 40078.5000
2293.4000 40125.0000
2294.5000 40170.0000
2295.6000 40213.2000
2296.7000 40256.1000
2297.8000 40298.6000
2298.9000 40341.8000
2300.0000 40385.3000
2301.1000 40428.0000
2302.2000 40467.1000
2303.3000 40504.2000
2304.4000 40535.5000
2305.5000 40567.8000
2306.6000 40599.7000
2307.7000 40630.2000
2308.8000 40659.1000
2309.9000 40688.3000
2311.0000 40716.9000
2312.1000 40746.2000
2313.2000 40776.3000
2314.3000 40807.2000
2315.4000 40840.4000
2316.5000 40872.5000
2317.6000 40905.0000
2318.7000 40937.7000
2319.8000 40972.8000
2320.9000 41007.2000
2322.0000 41041.3000
2323.1000 41076.2000
2324.2000 41110.3000
2325.3000 41143.8000
2326.4000 41177.6000
2327.5000 41210.8000
2328.6000 41244.1000
2329.7000 41279.0000
2330.8000 41314.1000
2331.9000 41348.3000
2333.0000 41380.6000
2334.1000 41411.3000
2335.2000 41441.2000
2336.3000 41470.4000
2337.4000 41498.6000
2338.5000 41524.6000
2339.6000 41550.2000
2340.7000 41576.6000
2341.8000 41603.0000
2342.9000 41630.8000
2344.0000 41659.0000
2345.1000 41687.1000
2346.2000 41716.3000
2347.3000 41743.8000
2348.4000 41769.2000
2349.5000 41794.9000
2350.6000 41821.3000
2351.7000 41848.2000
2352.8000 41877.1000
2353.9000 41904.7000
2355.0000 41931.1000
2356.1000 41959.1000
2357.2000 41985.0000
2358.3000 42010.6000
2359.4000 42034.4000
2360.5000 42057.7000
2361.6000 42081.9000
2362.7000 42106.1000
2363.8000 42130.1000
2364.9000 42153.6000
2366.0000 42177.4000
2367.1000 42203.3000
2368.2000 42229.6000
2369.3000 42254.1000
2370.4000 42279.1000
2371.5000 42303.9000
2372.6000 42329.8000
2373.7000 42355.2000
2374.8000 42382.2000
2375.9000 42408.7000
2377.0000 42434.3000
2378.1000 42459.2000
2379.2000 42483.4000
2380.3000 42506.6000
2381.4000 42530.0000
2382.5000 42555.5000
2383.6000 42582.3000
2384.7000 42610.6000
2385.8000 42640.2000
2386.9000 42670.5000
2388.0000 42701.5000
2389.1000 42732.0000
2390.2000 42763.4000
2391.3000 42797.3000
2392.4000 42831.2000
2393.5000 42866.5000
2394.6000 42901.7000
2395.7000 42938.0000
2396.8000 42976.0000
2397.9000 43014.6000
2399.0000 43055.0000
2400.1000 43095.7000
2401.2000 43136.2000
2402.3000 43175.2000
2403.4000 43214.3000
2404.5000 43252.9000
2405.6000 43292.5000
2406.7000 43332.5000
2407.8000 43371.2000
2408.9000 43410.8000
2410.0000 43450.1000
2411.1000 43488.3000
2412.2000 43524.8000
2413.3000 43562.1000
2414.4000 43601.2000
2415.5000 43640.2000
2416.6000 43677.9000
2417.7000 43715.8000
2418.8000 43755.2000
2419.9000 43795.8000
2421.0000 43837.3000
2422.1000 43876.9000
2423.2000 43917.0000
2424.3000 43957.5000
2425.4000 43997.5000
2426.5000 44038.2000
2427.6000 44079.3000
2428.7000 44122.2000
2429.8000 44164.4000
2430.9000 44204.4000
2432.0000 44244.3000
2433.1000 44285.1000
2434.2000 44326.7000
2435.3000 44366.9000
2436.4000 44405.0000
2437.5000 44442.1000
2438.6000 44479.5000
2439.7000 44515.7000
2440.8000 44551.8000
2441.9000 44586.0000
2443.0000 44617.6000
2444.1000 44648.4000
2445.2000 44676.8000
2446.3000 44706.1000
2447.4000 44738.0000
2448.5000 44769.8000
2449.6000 44800.6000
2450.7000 44831.7000
2451.8000 44863.3000
2452.9000 44893.8000
2454.0000 44925.7000
2455.1000 44957.6000
2456.2000 44990.5000
2457.3000 45023.5000
2458.4000 45056.9000
2459.5000 45091.2000
2460.6000 45124.9000
2461.7000 45157.9000
2462.8000 45190.9000
2463.9000 45223.4000
2465.0000 45255.8000
2466.1000 45290.2000
2467.2000 45324.5000
2468.3000 45359.8000
2469.4000 45394.8000
2470.5000 45428.0000
2471.6000 45461.3000
2472.7000 45495.2000
2473.8000 45532.0000
2474.9000 45569.5000
2476.0000 45606.9000
2477.1000 45643.4000
2478.2000 45679.5000
2479.3000 45713.4000
2480.4000 45747.8000
2481.5000 45781.5000
2482.6000 45816.6000
2483.7000 45850.9000
2484.8000 45883.4000
2485.9000 45915.3000
2487.0000 45948.0000
2488.1000 45981.3000
2489.2000 46014.2000
2490.3000 46046.9000
2491.4000 46079.9000
2492.5000 46112.8000
2493.6000 46144.7000
2494.7000 46177.1000
2495.8000 46209.1000
2496.9000 46242.0000
2498.0000 46275.8000
2499.1000 46309.7000
2500.2000 46342.5000
2501.3000 46375.9000
2502.4000 46409.7000
2503.5000 46448.2000
2504.6000 46487.0000
2505.7000 46525.1000
2506.8000 46563.4000
2507.9000 46601.9000
2509.0000 46640.4000
2510.1000 46678.9000
2511.2000 46715.6000
2512.3000 46750.3000
2513.4000 46784.6000
2514.5000 46819.8000
2515.6000 46855.6000
2516.7000 46890.5000
2517.8000 46924.6000
2518.9000 46958.1000
2520.0000 46990.0000
2521.1000 47021.2000
2522.2000 47048.8000
2523.3000 47075.9000
2524.4000 47102.6000
2525.5000 47131.0000
2526.6000 47158.7000
2527.7000 47186.2000
2528.8000 47214.4000
2529.9000 47242.7000
2531.0000 47270.2000
2532.1000 47296.8000
2533.2000 47324.6000
2534.3000 47351.2000
2535.4000 47375.4000
2536.5000 47400.2000
2537.6000 47423.6000
2538.7000 47446.7000
2539.8000 47470.8000
2540.9000 47494.7000
2542.0000 47518.3000
2543.1000 47542.5000
2544.2000 47566.0000
2545.3000 47590.6000
2546.4000 47615.1000
2547.5000 47639.4000
2548.6000 47664.7000
2549.7000 47691.4000
2550.8000 47719.3000
2551.9000 47746.0000
2553.0000 47771.9000
2554.1000 47798.0000
2555.2000 47824.1000
2556.3000 47850.5000
2557.4000 47876.8000
2558.5000 47903.7000
2559.6000 47930.6000
2560.7000 47961.1000
2561.8000 47991.0000
2562.9000 48021.1000
2564.0000 48051.4000
2565.1000 48080.7000
2566.2000 48109.3000
2567.3000 48138.5000
2568.4000 48169.2000
2569.5000 48200.5000
2570.6000 48231.8000
2571.7000 48263.7000
2572.8000 48297.4000
2573.9000 48331.6000
2575.0000 48368.2000
2576.1000 48402.5000
2577.2000 48436.8000
2578.3000 48474.3000
2579.4000 48513.1000
2580.5000 48551.8000
2581.6000 48590.4000
2582.7000 48627.3000
2583.8000 48662.0000
2584.9000 48696.0000
2586.0000 48729.4000
2587.1000 48762.7000
2588.2000 48794.1000
2589.3000 48825.5000
2590.4000 48858.1000
2591.5000 48892.3000
2592.6000 48926.3000
2593.7000 48961.1000
2594.8000 48997.4000
2595.9000 49036.1000
2597.0000 49077.1000
2598.1000 49118.0000
2599.2000 49161.2000
2600.3000 49204.9000
2601.4000 49246.2000
2602.5000 49286.9000
2603.6000 49327.5000
2604.7000 49370.1000
2605.8000 49410.9000
2606.9000 49452.2000
2608.0000 49493.5000
2609.1000 49534.0000
2610.2000 49574.5000
2611.3000 49614.9000
2612.4000 49655.9000
2613.5000 49698.6000
2614.6000 49742.0000
2615.7000 49784.2000
2616.8000 49826.0000
2617.9000 49866.5000
2619.0000 49907.1000
2620.1000 49947.8000
2621.2000 49989.7000
2622.3000 50032.0000
2623.4000 50074.3000
2624.5000 50116.1000
2625.6000 50157.9000
2626.7000 50198.8000
2627.8000 50239.2000
2628.9000 50277.9000
2630.0000 50315.6000
2631.1000 50350.8000
2632.2000 50382.9000
2633.3000 50414.8000
2634.4000 50446.7000
2635.5000 50478.1000
2636.6000 50506.7000
2637.7000 50533.9000
2638.8000 50561.9000
2639.9000 50589.4000
2641.0000 50618.0000
2642.1000 50647.7000
2643.2000 50677.4000
2644.3000 50705.5000
2645.4000 50736.3000
2646.5000 50767.2000
2647.6000 50796.9000
2648.7000 50826.5000
2649.8000 50854.7000
2650.9000 50882.3000
2652.0000 50906.7000
2653.1000 50929.8000
2654.2000 50952.7000
2655.3000 50976.1000
2656.4000 51000.3000
2657.5000 51024.9000
2658.6000 51049.1000
2659.7000 51072.0000
2660.8000 51095.7000
2661.9000 51122.6000
2663.0000 51148.0000
2664.1000 51174.1000
2665.2000 51202.2000
2666.3000 51229.7000
2667.4000 51256.7000
2668.5000 51282.3000
2669.6000 51307.6000
2670.7000 51330.2000
2671.8000 51352.2000
2672.9000 51376.7000
2674.0000 51402.8000
2675.1000 51427.6000
2676.2000 51453.9000
2677.3000 51480.8000
2678.4000 51510.6000
2679.5000 51539.7000
2680.6000 51569.3000
2681.7000 51598.2000
2682.8000 51626.7000
2683.9000 51654.9000
2685.0000 51682.4000
2686.1000 51708.9000
2687.2000 51733.6000
2688.3000 51759.1000
2689.4000 51784.1000
2690.5000 51810.5000
2691.6000 51836.9000
2692.7000 51862.3000
2693.8000 51887.5000
2694.9000 51912.4000
2696.0000 51936.1000
2697.1000 51957.5000
2698.2000 51979.3000
2699.3000 51999.5000
2700.4000 52019.3000
2701.5000 52039.7000
2702.6000 52061.3000
2703.7000 52085.6000
2704.8000 52110.9000
2705.9000 52135.4000
2707.0000 52159.7000
2708.1000 52185.5000
2709.2000 52213.2000
2710.3000 52242.4000
2711.4000 52272.3000
2712.5000 52302.1000
2713.6000 52331.8000
2714.7000 52359.5000
2715.8000 52384.3000
2716.9000 52408.4000
2718.0000 52434.2000
2719.1000 52461.1000
2720.2000 52488.2000
2721.3000 52514.6000
2722.4000 52543.0000
2723.5000 52571.6000
2724.6000 52600.2000
2725.7000 52629.9000
2726.8000 52660.1000
2727.9000 52690.6000
2729.0000 52722.6000
2730.1000 52757.8000
2731.2000 52793.2000
2732.3000 52825.8000
2733.4000 52859.7000
2734.5000 52896.3000
2735.6000 52933.9000
2736.7000 52974.1000
2737.8000 53016.7000
2738.9000 53060.0000
2740.0000 53103.9000
2741.1000 53149.5000
2742.2000 53196.7000
2743.3000 53243.2000
2744.4000 53292.7000
2745.5000 53346.3000
2746.6000 53400.8000
2747.7000 53454.5000
2748.8000 53509.9000
2749.9000 53565.9000
2751.0000 53620.9000
2752.1000 53675.3000
2753.2000 53731.2000
2754.3000 53786.6000
2755.4000 53841.1000
2756.5000 53896.0000
2757.6000 53949.0000
2758.7000 54001.0000
2759.8000 54050.3000
2760.9000 54100.0000
2762.0000 54149.6000
2763.1000 54199.8000
2764.2000 54252.1000
2765.3000 54303.8000
2766.4000 54356.1000
2767.5000 54408.3000
2768.6000 54460.6000
2769.7000 54511.7000
2770.8000 54561.4000
2771.9000 54610.9000
2773.0000 54659.6000
2774.1000 54709.5000
2775.2000 54761.2000
2776.3000 54813.0000
2777.4000 54863.9000
2778.5000 54914.2000
2779.6000 54963.5000
2780.7000 55009.3000
2781.8000 55053.1000
2782.9000 55095.6000
2784.0000 55136.2000
2785.1000 55175.5000
2786.2000 55215.6000
2787.3000 55258.2000
2788.4000 55300.3000
2789.5000 55341.7000
2790.6000 55383.2000
2791.7000 55424.4000
2792.8000 55465.9000
2793.9000 55506.6000
2795.0000 55545.8000
2796.1000 55585.3000
2797.2000 55625.8000
2798.3000 55666.8000
2799.4000 55706.7000
2800.5000 55746.1000
2801.6000 55786.5000
2802.7000 55829.0000
2803.8000 55869.7000
2804.9000 55910.2000
2806.0000 55948.8000
2807.1000 55987.6000
2808.2000 56025.8000
2809.3000 56063.7000
2810.4000 56100.7000
2811.5000 56137.5000
2812.6000 56174.9000
2813.7000 56211.7000
2814.8000 56245.0000
2815.9000 56275.6000
2817.0000 56304.8000
2818.1000 56335.2000
2819.2000 56364.0000
2820.3000 56393.7000
2821.4000 56422.1000
2822.5000 56450.2000
2823.6000 56478.1000
2824.7000 56506.7000
2825.8000 56534.6000
2826.9000 56564.2000
2828.0000 56592.6000
2829.1000 56618.9000
2830.2000 56644.1000
2831.3000 56670.5000
2832.4000 56698.4000
2833.5000 56728.8000
2834.6000 56758.6000
2835.7000 56789.4000
2836.8000 56820.1000
2837.9000 56851.9000
2839.0000 56882.9000
2840.1000 56914.2000
2841.2000 56944.2000
2842.3000 56975.3000
2843.4000 57007.5000
2844.5000 57042.2000
2845.6000 57078.5000
2846.7000 57115.0000
2847.8000 57152.3000
2848.9000 57192.7000
2850.0000 57233.4000
2851.1000 57274.1000
2852.2000 57314.0000
2853.3000 57352.3000
2854.4000 57388.0000
2855.5000 57421.8000
2856.6000 57457.0000
2857.7000 57494.0000
2858.8000 57533.6000
2859.9000 57571.1000
2861.0000 57608.9000
2862.1000 57646.2000
2863.2000 57682.9000
2864.3000 57719.9000
2865.4000 57756.1000
2866.5000 57792.7000
2867.6000 57828.5000
2868.7000 57864.2000
2869.8000 57899.4000
2870.9000 57934.2000
2872.0000 57970.2000
2873.1000 58006.9000
2874.2000 58043.2000
2875.3000 58079.3000
2876.4000 58115.9000
2877.5000 58155.1000
2878.6000 58192.6000
2879.7000 58231.3000
2880.8000 58267.6000
2881.9000 58304.6000
2883.0000 58343.1000
2884.1000 58382.2000
2885.2000 58422.7000
2886.3000 58464.6000
2887.4000 58507.4000
2888.5000 58549.9000
2889.6000 58593.8000
2890.7000 58637.7000
2891.8000 58681.3000
2892.9000 58725.4000
2894.0000 58770.2000
2895.1000 58815.4000
2896.2000 58862.7000
2897.3000 58908.1000
2898.4000 58953.5000
2899.5000 59000.4000
2900.6000 59045.2000
2901.7000 59091.0000
2902.8000 59136.9000
2903.9000 59182.0000
2905.0000 59227.0000
2906.1000 59272.1000
2907.2000 59316.9000
2908.3000 59361.1000
2909.4000 59403.2000
2910.5000 59443.3000
2911.6000 59483.5000
2912.7000 59525.3000
2913.8000 59567.1000
2914.9000 59609.1000
2916.0000 59649.1000
2917.1000 59687.7000
2918.2000 59726.2000
2919.3000 59765.5000
2920.4000 59804.1000
2921.5000 59841.4000
2922.6000 59883.8000
2923.7000 59927.1000
2924.8000 59968.2000
2925.9000 60010.8000
2927.0000 60050.7000
2928.1000 60090.8000
2929.2000 60132.3000
2930.3000 60175.1000
2931.4000 60216.9000
2932.5000 60259.2000
2933.6000 60301.1000
2934.7000 60343.2000
2935.8000 60385.0000
2936.9000 60426.8000
2938.0000 60470.0000
2939.1000 60514.9000
2940.2000 60558.6000
2941.3000 60602.8000
2942.4000 60647.9000
2943.5000 60692.8000
2944.6000 60738.1000
2945.7000 60784.3000
2946.8000 60828.2000
2947.9000 60869.5000
2949.0000 60909.4000
2950.1000 60949.8000
2951.2000 60990.5000
2952.3000 61031.0000
2953.4000 61071.2000
2954.5000 61111.9000
2955.6000 61154.2000
2956.7000 61195.4000
2957.8000 61237.9000
2958.9000 61278.6000
2960.0000 61317.3000
2961.1000 61355.3000
2962.2000 61394.0000
2963.3000 61434.0000
2964.4000 61473.3000
2965.5000 61510.1000
2966.6000 61543.8000
2967.7000 61574.6000
2968.8000 61603.8000
2969.9000 61631.9000
2971.0000 61660.5000
2972.1000 61687.3000
2973.2000 61713.7000
2974.3000 61740.8000
2975.4000 61768.4000
2976.5000 61795.7000
2977.6000 61822.1000
2978.7000 61846.6000
2979.8000 61870.8000
2980.9000 61895.6000
2982.0000 61920.5000
2983.1000 61944.4000
2984.2000 61968.7000
2985.3000 61994.1000
2986.4000 62019.4000
2987.5000 62045.1000
2988.6000 62070.0000
2989.7000 62094.0000
2990.8000 62118.9000
2991.9000 62143.0000
2993.0000 62165.8000
2994.1000 62188.9000
2995.2000 62212.9000
2996.3000 62238.2000
2997.4000 62263.1000
2998.5000 62289.1000
2999.6000 62314.6000
3000.7000 62339.5000
3001.8000 62363.2000
3002.9000 62386.1000
3004.0000 62410.0000
3005.1000 62434.6000
3006.2000 62458.6000
3007.3000 62482.8000
3008.4000 62506.7000
3009.5000 62532.1000
3010.6000 62558.9000
3011.7000 62588.5000
3012.8000 62618.2000
3013.9000 62647.3000
3015.0000 62676.8000
3016.1000 62704.6000
3017.2000 62732.5000
3018.3000 62761.9000
3019.4000 62789.2000
3020.5000 62815.3000
3021.6000 62843.2000
3022.7000 62871.8000
3023.8000 62901.1000
3024.9000 62930.9000
3026.0000 62960.3000
3027.1000 62988.8000
3028.2000 63019.5000
3029.3000 63049.6000
3030.4000 63079.3000
3031.5000 63108.6000
3032.6000 63136.5000
3033.7000 63164.7000
3034.8000 63191.4000
3035.9000 63218.2000
3037.0000 63246.9000
3038.1000 63277.0000
3039.2000 63308.8000
3040.3000 63342.9000
3041.4000 63377.5000
3042.5000 63414.1000
3043.6000 63453.2000
3044.7000 63492.9000
3045.8000 63535.9000
3046.9000 63581.6000
3048.0000 63629.0000
3049.1000 63678.0000
3050.2000 63726.7000
3051.3000 63775.8000
3052.4000 63825.4000
3053.5000 63876.5000
3054.6000 63926.3000
3055.7000 63974.8000
3056.8000 64023.4000
3057.9000 64071.8000
3059.0000 64121.0000
3060.1000 64171.9000
3061.2000 64222.5000
3062.3000 64273.6000
3063.4000 64326.2000
3064.5000 64376.3000
3065.6000 64427.1000
3066.7000 64477.9000
3067.8000 64530.7000
3068.9000 64581.6000
3070.0000 64629.9000
3071.1000 64676.9000
3072.2000 64725.9000
3073.3000 64777.5000
3074.4000 64832.0000
3075.5000 64886.4000
3076.6000 64940.2000
3077.7000 64993.1000
3078.8000 65045.5000
3079.9000 65097.8000
3081.0000 65150.2000
3082.1000 65203.2000
3083.2000 65255.9000
3084.3000 65306.2000
3085.4000 65354.6000
3086.5000 65403.8000
3087.6000 65451.6000
3088.7000 65497.3000
3089.8000 65541.4000
3090.9000 65584.5000
3092.0000 65626.3000
3093.1000 65669.6000
3094.2000 65714.7000
3095.3000 65760.2000
3096.4000 65805.4000
3097.5000 65853.1000
3098.6000 65900.8000
3099.7000 65946.8000
3100.8000 65993.2000
3101.9000 66041.5000
3103.0000 66090.9000
3104.1000 66141.8000
3105.2000 66196.3000
3106.3000 66252.7000
3107.4000 66309.4000
3108.5000 66366.7000
3109.6000 66424.3000
3110.7000 66482.2000
3111.8000 66540.4000
3112.9000 66600.0000
3114.0000 66660.1000
3115.1000 66722.8000
3116.2000 66788.0000
3117.3000 66854.5000
3118.4000 66922.6000
3119.5000 66989.3000
3120.6000 67059.0000
3121.7000 67130.0000
3122.8000 67200.2000
3123.9000 67270.2000
3125.0000 67338.4000
3126.1000 67405.7000
3127.2000 67471.0000
3128.3000 67535.1000
3129.4000 67594.3000
3130.5000 67653.1000
3131.6000 67712.1000
3132.7000 67770.9000
3133.8000 67829.6000
3134.9000 67888.5000
3136.0000 67949.4000
3137.1000 68010.7000
3138.2000 68072.8000
3139.3000 68135.2000
3140.4000 68197.0000
3141.5000 68256.7000
3142.6000 68313.1000
3143.7000 68365.7000
3144.8000 68415.2000
3145.9000 68461.8000
3147.0000 68508.4000
3148.1000 68555.1000
3149.2000 68603.3000
3150.3000 68651.3000
3151.4000 68697.8000
3152.5000 68742.9000
3153.6000 68787.6000
3154.7000 68831.1000
3155.8000 68872.5000
3156.9000 68912.1000
3158.0000 68951.5000
3159.1000 68992.0000
3160.2000 69035.5000
3161.3000 69080.9000
3162.4000 69127.8000
3163.5000 69174.3000
3164.6000 69220.6000
3165.7000 69266.4000
3166.8000 69311.5000
3167.9000 69355.5000
3169.0000 69399.8000
3170.1000 69443.0000
3171.2000 69486.0000
3172.3000 69528.8000
3173.4000 69572.2000
3174.5000 69614.2000
3175.6000 69656.7000
3176.7000 69699.8000
3177.8000 69744.5000
3178.9000 69790.3000
3180.0000 69838.2000
3181.1000 69885.8000
3182.2000 69930.3000
3183.3000 69974.4000
3184.4000 70018.0000
3185.5000 70061.0000
3186.6000 70102.9000
3187.7000 70145.8000
3188.8000 70189.1000
3189.9000 70233.0000
3191.0000 70275.9000
3192.1000 70318.9000
3193.2000 70364.5000
3194.3000 70410.9000
3195.4000 70456.9000
3196.5000 70506.0000
3197.6000 70552.6000
3198.7000 70598.4000
3199.8000 70645.5000
3200.9000 70695.0000
3202.0000 70742.6000
3203.1000 70787.9000
3204.2000 70833.9000
3205.3000 70881.4000
3206.4000 70929.8000
3207.5000 70977.1000
3208.6000 71023.8000
3209.7000 71071.2000
3210.8000 71118.3000
3211.9000 71164.6000
3213.0000 71211.2000
3214.1000 71256.0000
3215.2000 71295.5000
3216.3000 71332.9000
3217.4000 71368.3000
3218.5000 71404.4000
3219.6000 71441.2000
3220.7000 71479.5000
3221.8000 71518.0000
3222.9000 71555.2000
3224.0000 71591.5000
3225.1000 71627.8000
3226.2000 71662.7000
3227.3000 71694.1000
3228.4000 71723.4000
3229.5000 71751.1000
3230.6000 71779.0000
3231.7000 71810.2000
3232.8000 71842.3000
3233.9000 71875.5000
3235.0000 71907.4000
3236.1000 71939.3000
3237.2000 71971.5000
3238.3000 72003.5000
3239.4000 72035.8000
3240.5000 72068.2000
3241.6000 72101.8000
3242.7000 72135.5000
3243.8000 72172.1000
3244.9000 72209.0000
3246.0000 72245.8000
3247.1000 72282.7000
3248.2000 72319.4000
3249.3000 72356.7000
3250.4000 72391.9000
3251.5000 72427.2000
3252.6000 72463.6000
3253.7000 72500.2000
3254.8000 72537.6000
3255.9000 72576.3000
3257.0000 72617.0000
3258.1000 72656.7000
3259.2000 72696.5000
3260.3000 72736.7000
3261.4000 72777.0000
3262.5000 72817.7000
3263.6000 72857.8000
3264.7000 72897.3000
3265.8000 72935.1000
3266.9000 72972.5000
3268.0000 73011.0000
3269.1000 73052.2000
3270.2000 73093.0000
3271.3000 73133.1000
3272.4000 73172.5000
3273.5000 73210.3000
3274.6000 73248.2000
3275.7000 73287.3000
3276.8000 73327.3000
3277.9000 73366.8000
3279.0000 73405.1000
3280.1000 73441.0000
3281.2000 73477.4000
3282.3000 73512.6000
3283.4000 73548.6000
3284.5000 73584.9000
3285.6000 73621.5000
3286.7000 73658.7000
3287.8000 73695.0000
3288.9000 73731.0000
3290.0000 73768.7000
3291.1000 73807.1000
3292.2000 73844.9000
3293.3000 73879.4000
3294.4000 73913.5000
3295.5000 73947.0000
3296.6000 73979.2000
3297.7000 74012.7000
3298.8000 74047.5000
3299.9000 74082.9000
3301.0000 74118.8000
3302.1000 74153.9000
3303.2000 74189.3000
3304.3000 74224.7000
3305.4000 74258.5000
3306.5000 74288.1000
3307.6000 74318.2000
3308.7000 74349.8000
3309.8000 74380.6000
3310.9000 74411.3000
3312.0000 74442.0000
3313.1000 74473.6000
3314.2000 74504.4000
3315.3000 74536.7000
3316.4000 74570.5000
3317.5000 74603.2000
3318.6000 74634.7000
3319.7000 74665.5000
3320.8000 74696.3000
3321.9000 74728.5000
3323.0000 74759.8000
3324.1000 74791.0000
3325.2000 74822.1000
3326.3000 74853.0000
3327.4000 74885.7000
3328.5000 74917.3000
3329.6000 74947.4000
3330.7000 74977.1000
3331.8000 75005.6000
3332.9000 75032.1000
3334.0000 75060.4000
3335.1000 75088.5000
3336.2000 75112.9000
3337.3000 75139.1000
3338.4000 75165.5000
3339.5000 75191.6000
3340.6000 75216.4000
3341.7000 75239.6000
3342.8000 75264.5000
3343.9000 75289.8000
3345.0000 75312.6000
3346.1000 75334.6000
3347.2000 75357.3000
3348.3000 75381.1000
3349.4000 75406.8000
3350.5000 75431.9000
3351.6000 75459.2000
3352.7000 75488.5000
3353.8000 75518.0000
3354.9000 75549.1000
3356.0000 75580.2000
3357.1000 75610.6000
3358.2000 75642.1000
3359.3000 75673.4000
3360.4000 75706.3000
3361.5000 75740.3000
3362.6000 75774.1000
3363.7000 75808.6000
3364.8000 75843.6000
3365.9000 75878.7000
3367.0000 75913.7000
3368.1000 75947.8000
3369.2000 75980.1000
3370.3000 76012.9000
3371.4000 76045.7000
3372.5000 76077.2000
3373.6000 76108.7000
3374.7000 76139.5000
3375.8000 76169.6000
3376.9000 76198.4000
3378.0000 76226.9000
3379.1000 76255.8000
3380.2000 76284.6000
3381.3000 76313.7000
3382.4000 76345.2000
3383.5000 76376.0000
3384.6000 76404.4000
3385.7000 76432.6000
3386.8000 76461.7000
3387.9000 76488.9000
3389.0000 76516.4000
3390.1000 76544.0000
3391.2000 76571.9000
3392.3000 76597.9000
3393.4000 76621.8000
3394.5000 76645.8000
3395.6000 76670.0000
3396.7000 76694.3000
3397.8000 76719.3000
3398.9000 76745.1000
3400.0000 76771.8000
3401.1000 76798.7000
3402.2000 76826.2000
3403.3000 76852.7000
3404.4000 76878.9000
3405.5000 76903.7000
3406.6000 76930.2000
3407.7000 76955.5000
3408.8000 76979.1000
3409.9000 77004.4000
3411.0000 77030.6000
3412.1000 77054.9000
3413.2000 77079.7000
3414.3000 77104.8000
3415.4000 77128.2000
3416.5000 77152.4000
3417.6000 77177.1000
3418.7000 77202.4000
3419.8000 77226.7000
3420.9000 77250.4000
3422.0000 77273.5000
3423.1000 77296.0000
3424.2000 77318.2000
3425.3000 77337.6000
3426.4000 77355.8000
3427.5000 77372.2000
3428.6000 77388.6000
3429.7000 77406.7000
3430.8000 77425.9000
3431.9000 77445.9000
3433.0000 77467.2000
3434.1000 77489.2000
3435.2000 77510.8000
3436.3000 77533.7000
3437.4000 77556.6000
3438.5000 77578.6000
3439.6000 77600.4000
3440.7000 77623.0000
3441.8000 77645.7000
3442.9000 77669.3000
3444.0000 77696.7000
3445.1000 77725.9000
3446.2000 77755.2000
3447.3000 77783.0000
3448.4000 77810.2000
3449.5000 77835.7000
3450.6000 77859.9000
3451.7000 77884.2000
3452.8000 77908.4000
3453.9000 77932.9000
3455.0000 77958.4000
3456.1000 77983.9000
3457.2000 78010.6000
3458.3000 78038.1000
3459.4000 78063.8000
3460.5000 78087.2000
3461.6000 78111.0000
3462.7000 78135.2000
3463.8000 78157.2000
3464.9000 78179.8000
3466.0000 78202.4000
3467.1000 78226.7000
3468.2000 78251.2000
3469.3000 78276.2000
3470.4000 78300.1000
3471.5000 78324.3000
3472.6000 78350.0000
3473.7000 78376.4000
3474.8000 78403.8000
3475.9000 78431.5000
3477.0000 78460.7000
3478.1000 78491.0000
3479.2000 78521.0000
3480.3000 78550.7000
3481.4000 78580.2000
3482.5000 78609.9000
3483.6000 78638.5000
3484.7000 78666.9000
3485.8000 78696.3000
3486.9000 78725.3000
3488.0000 78755.5000
3489.1000 78784.8000
3490.2000 78812.5000
3491.3000 78839.6000
3492.4000 78865.7000
3493.5000 78893.6000
3494.6000 78920.0000
3495.7000 78946.4000
3496.8000 78971.8000
3497.9000 78997.2000
3499.0000 79022.5000
3500.1000 79046.7000
3501.2000 79070.3000
3502.3000 79093.1000
3503.4000 79116.1000
3504.5000 79138.1000
3505.6000 79159.5000
3506.7000 79181.5000
3507.8000 79202.6000
3508.9000 79224.5000
3510.0000 79247.4000
3511.1000 79270.7000
3512.2000 79293.2000
3513.3000 79315.5000
3514.4000 79337.6000
3515.5000 79357.1000
3516.6000 79375.4000
3517.7000 79395.0000
3518.8000 79416.1000
3519.9000 79439.0000
3521.0000 79464.3000
3522.1000 79490.2000
3523.2000 79513.9000
3524.3000 79540.3000
3525.4000 79566.9000
3526.5000 79594.4000
3527.6000 79622.0000
3528.7000 79649.0000
3529.8000 79674.6000
3530.9000 79702.9000
3532.0000 79732.8000
3533.1000 79764.7000
3534.2000 79798.2000
3535.3000 79835.0000
3536.4000 79872.3000
3537.5000 79907.1000
3538.6000 79940.3000
3539.7000 79974.2000
3540.8000 80008.7000
3541.9000 80044.4000
3543.0000 80079.7000
3544.1000 80116.9000
3545.2000 80154.6000
3546.3000 80191.5000
3547.4000 80226.8000
3548.5000 80261.6000
3549.6000 80297.2000
3550.7000 80333.2000
3551.8000 80365.7000
3552.9000 80396.5000
3554.0000 80425.8000
3555.1000 80453.9000
3556.2000 80482.7000
3557.3000 80511.4000
3558.4000 80541.6000
3559.5000 80572.7000
3560.6000 80604.2000
3561.7000 80638.3000
3562.8000 80671.7000
3563.9000 80706.8000
3565.0000 80742.4000
3566.1000 80778.7000
3567.2000 80818.3000
3568.3000 80858.7000
3569.4000 80899.3000
3570.5000 80939.1000
3571.6000 80982.8000
3572.7000 81027.4000
3573.8000 81073.8000
3574.9000 81119.9000
3576.0000 81166.7000
3577.1000 81213.6000
3578.2000 81260.9000
3579.3000 81305.1000
3580.4000 81346.1000
3581.5000 81383.7000
3582.6000 81419.8000
3583.7000 81453.6000
3584.8000 81486.6000
3585.9000 81517.6000
3587.0000 81549.6000
3588.1000 81581.0000
3589.2000 81613.1000
3590.3000 81646.1000
3591.4000 81679.7000
3592.5000 81713.3000
3593.6000 81746.7000
3594.7000 81778.3000
3595.8000 81808.4000
3596.9000 81838.2000
3598.0000 81868.0000
3599.1000 81898.8000
3600.2000 81929.6000
3601.3000 81957.3000
3602.4000 81984.5000
3603.5000 82011.6000
3604.6000 82038.5000
3605.7000 82066.8000
3606.8000 82095.6000
3607.9000 82123.5000
3609.0000 82151.0000
3610.1000 82179.1000
3611.2000 82207.1000
3612.3000 82233.8000
3613.4000 82263.0000
3614.5000 82290.8000
3615.6000 82316.6000
3616.7000 82344.8000
3617.8000 82377.8000
3618.9000 82412.3000
3620.0000 82448.1000
3621.1000 82485.2000
3622.2000 82521.1000
3623.3000 82555.8000
3624.4000 82588.0000
3625.5000 82619.7000
3626.6000 82653.4000
3627.7000 82687.8000
3628.8000 82719.5000
3629.9000 82748.1000
3631.0000 82776.8000
3632.1000 82804.0000
3633.2000 82831.5000
3634.3000 82860.0000
3635.4000 82887.7000
3636.5000 82914.9000
3637.6000 82943.4000
3638.7000 82973.1000
3639.8000 83003.4000
3640.9000 83033.8000
3642.0000 83063.5000
3643.1000 83093.1000
3644.2000 83122.4000
3645.3000 83152.6000
3646.4000 83180.5000
3647.5000 83209.0000
3648.6000 83239.3000
3649.7000 83270.8000
3650.8000 83301.4000
3651.9000 83331.5000
3653.0000 83362.2000
3654.1000 83392.7000
3655.2000 83422.4000
3656.3000 83450.7000
3657.4000 83479.5000
3658.5000 83506.5000
3659.6000 83532.9000
3660.7000 83559.1000
3661.8000 83586.1000
3662.9000 83613.4000
3664.0000 83642.1000
3665.1000 83671.5000
3666.2000 83701.7000
3667.3000 83734.1000
3668.4000 83767.1000
3669.5000 83800.7000
3670.6000 83835.7000
3671.7000 83869.7000
3672.8000 83903.9000
3673.9000 83939.9000
3675.0000 83974.8000
3676.1000 84008.2000
3677.2000 84039.1000
3678.3000 84071.2000
3679.4000 84103.8000
3680.5000 84137.5000
3681.6000 84170.9000
3682.7000 84204.3000
3683.8000 84237.2000
3684.9000 84271.6000
3686.0000 84304.8000
3687.1000 84337.5000
3688.2000 84370.9000
3689.3000 84405.2000
3690.4000 84440.0000
3691.5000 84475.0000
3692.6000 84510.1000
3693.7000 84546.2000
3694.8000 84580.7000
3695.9000 84616.5000
3697.0000 84653.6000
3698.1000 84690.7000
3699.2000 84728.8000
3700.3000 84765.8000
3701.4000 84800.4000
3702.5000 84834.0000
3703.6000 84867.3000
3704.7000 84902.0000
3705.8000 84936.1000
3706.9000 84970.1000
3708.0000 85004.2000
3709.1000 85040.0000
3710.2000 85074.0000
3711.3000 85105.3000
3712.4000 85137.4000
3713.5000 85170.0000
3714.6000 85202.5000
3715.7000 85234.3000
3716.8000 85266.0000
3717.9000 85298.2000
3719.0000 85331.2000
3720.1000 85362.1000
3721.2000 85392.1000
3722.3000 85422.0000
3723.4000 85454.4000
3724.5000 85486.7000
3725.6000 85519.3000
3726.7000 85551.0000
3727.8000 85582.7000
3728.9000 85614.0000
3730.0000 85643.7000
3731.1000 85671.3000
3732.2000 85699.0000
3733.3000 85725.7000
3734.4000 85752.1000
3735.5000 85778.2000
3736.6000 85806.7000
3737.7000 85836.4000
3738.8000 85868.9000
3739.9000 85904.1000
3741.0000 85939.6000
3742.1000 85975.3000
3743.2000 86010.5000
3744.3000 86044.2000
3745.4000 86077.7000
3746.5000 86112.0000
3747.6000 86146.0000
3748.7000 86178.9000
3749.8000 86211.6000
3750.9000 86246.3000
3752.0000 86282.6000
3753.1000 86318.9000
3754.2000 86355.8000
3755.3000 86393.4000
3756.4000 86432.2000
3757.5000 86470.7000
3758.6000 86508.7000
3759.7000 86546.7000
3760.8000 86587.0000
3761.9000 86627.0000
3763.0000 86667.2000
3764.1000 86707.0000
3765.2000 86746.4000
3766.3000 86785.4000
3767.4000 86824.1000
3768.5000 86861.8000
3769.6000 86898.2000
3770.7000 86933.0000
3771.8000 86967.0000
3772.9000 87000.3000
3774.0000 87035.8000
3775.1000 87071.1000
3776.2000 87104.7000
3777.3000 87137.4000
3778.4000 87171.1000
3779.5000 87206.2000
3780.6000 87241.1000
3781.7000 87275.6000
3782.8000 87306.9000
3783.9000 87338.8000
3785.0000 87372.5000
3786.1000 87403.6000
3787.2000 87433.4000
3788.3000 87462.3000
3789.4000 87491.1000
3790.5000 87521.3000
3791.6000 87552.1000
3792.7000 87581.5000
3793.8000 87610.4000
3794.9000 87638.0000
3796.0000 87669.1000
3797.1000 87699.5000
3798.2000 87729.1000
3799.3000 87758.0000
3800.4000 87785.9000
3801.5000 87813.6000
3802.6000 87843.0000
3803.7000 87875.6000
3804.8000 87909.7000
3805.9000 87941.6000
3807.0000 87972.1000
3808.1000 88004.0000
3809.2000 88037.0000
3810.3000 88071.7000
3811.4000 88107.0000
3812.5000 88142.3000
3813.6000 88177.6000
3814.7000 88214.2000
3815.8000 88249.8000
3816.9000 88282.7000
3818.0000 88314.2000
3819.1000 88346.4000
3820.2000 88380.2000
3821.3000 88414.0000
3822.4000 88447.5000
3823.5000 88482.1000
3824.6000 88516.9000
3825.7000 88551.0000
3826.8000 88586.2000
3827.9000 88619.4000
3829.0000 88652.6000
3830.1000 88687.2000
3831.2000 88721.5000
3832.3000 88758.0000
3833.4000 88793.1000
3834.5000 88826.6000
3835.6000 88861.1000
3836.7000 88895.0000
3837.8000 88929.1000
3838.9000 88965.7000
3840.0000 89005.5000
3841.1000 89045.7000
3842.2000 89084.3000
3843.3000 89124.1000
3844.4000 89164.1000
3845.5000 89207.3000
3846.6000 89253.0000
3847.7000 89304.2000
3848.8000 89357.1000
3849.9000 89409.6000
3851.0000 89464.2000
3852.1000 89519.4000
3853.2000 89573.7000
3854.3000 89627.0000
3855.4000 89679.9000
3856.5000 89732.6000
3857.6000 89785.8000
3858.7000 89840.3000
3859.8000 89894.4000
3860.9000 89948.5000
3862.0000 90002.8000
3863.1000 90056.8000
3864.2000 90111.0000
3865.3000 90166.4000
3866.4000 90221.9000
3867.5000 90273.4000
3868.6000 90324.4000
3869.7000 90375.4000
3870.8000 90428.6000
3871.9000 90481.9000
3873.0000 90535.9000
3874.1000 90588.1000
3875.2000 90639.5000
3876.3000 90687.3000
3877.4000 90734.6000
3878.5000 90782.0000
3879.6000 90827.6000
3880.7000 90872.8000
3881.8000 90915.8000
3882.9000 90959.6000
3884.0000 91005.6000
3885.1000 91051.2000
3886.2000 91096.2000
3887.3000 91140.7000
3888.4000 91184.1000
3889.5000 91225.4000
3890.6000 91266.9000
3891.7000 91308.6000
3892.8000 91353.3000
3893.9000 91399.7000
3895.0000 91448.1000
3896.1000 91494.8000
3897.2000 91540.4000
3898.3000 91584.1000
3899.4000 91626.0000
3900.5000 91667.4000
3901.6000 91709.3000
3902.7000 91751.6000
3903.8000 91794.5000
3904.9000 91836.0000
3906.0000 91874.3000
3907.1000 91911.9000
3908.2000 91948.6000
3909.3000 91982.9000
3910.4000 92017.9000
3911.5000 92051.6000
3912.6000 92084.7000
3913.7000 92118.1000
3914.8000 92149.9000
3915.9000 92180.6000
3917.0000 92213.3000
3918.1000 92248.3000
3919.2000 92281.2000
3920.3000 92312.4000
3921.4000 92344.7000
3922.5000 92378.1000
3923.6000 92413.3000
3924.7000 92447.4000
3925.8000 92481.2000
3926.9000 92514.7000
3928.0000 92549.9000
3929.1000 92586.2000
3930.2000 92622.4000
3931.3000 92656.9000
3932.4000 92690.7000
3933.5000 92724.3000
3934.6000 92756.8000
3935.7000 92788.9000
3936.8000 92824.1000
3937.9000 92859.1000
3939.0000 92892.1000
3940.1000 92925.5000
3941.2000 92960.7000
3942.3000 92995.8000
3943.4000 93030.3000
3944.5000 93066.5000
3945.6000 93100.9000
3946.7000 93135.5000
3947.8000 93171.7000
3948.9000 93209.1000
3950.0000 93245.6000
3951.1000 93281.4000
3952.2000 93318.7000
3953.3000 93356.6000
3954.4000 93392.3000
3955.5000 93427.4000
3956.6000 93462.0000
3957.7000 93497.7000
3958.8000 93533.8000
3959.9000 93569.0000
3961.0000 93602.9000
3962.1000 93636.4000
3963.2000 93669.4000
3964.3000 93702.5000
3965.4000 93734.8000
3966.5000 93764.3000
3967.6000 93793.9000
3968.7000 93822.5000
3969.8000 93849.0000
3970.9000 93875.4000
3972.0000 93901.8000
3973.1000 93929.2000
3974.2000 93957.2000
3975.3000 93986.4000
3976.4000 94017.6000
3977.5000 94049.9000
3978.6000 94083.6000
3979.7000 94117.1000
3980.8000 94151.4000
3981.9000 94186.4000
3983.0000 94220.8000
3984.1000 94256.8000
3985.2000 94292.6000
3986.3000 94328.9000
3987.4000 94364.9000
3988.5000 94400.6000
3989.6000 94437.3000
3990.7000 94474.9000
3991.8000 94512.5000
3992.9000 94549.1000
3994.0000 94584.0000
3995.1000 94617.9000
3996.2000 94650.4000
3997.3000 94682.4000
3998.4000 94714.2000
3999.5000 94745.2000
4000.6000 94775.9000
4001.7000 94806.2000
4002.8000 94838.0000
4003.9000 94870.0000
4005.0000 94901.9000
4006.1000 94932.0000
4007.2000 94960.8000
4008.3000 94990.5000
4009.4000 95020.6000
4010.5000 95052.0000
4011.6000 95083.1000
4012.7000 95115.3000
4013.8000 95148.9000
4014.9000 95182.3000
4016.0000 95216.4000
4017.1000 95251.7000
4018.2000 95287.7000
4019.3000 95323.0000
4020.4000 95362.0000
4021.5000 95401.3000
4022.6000 95438.3000
4023.7000 95476.4000
4024.8000 95514.9000
4025.9000 95553.6000
4027.0000 95592.9000
4028.1000 95634.1000
4029.2000 95676.9000
4030.3000 95718.8000
4031.4000 95760.6000
4032.5000 95801.0000
4033.6000 95840.6000
4034.7000 95880.2000
4035.8000 95921.8000
4036.9000 95963.1000
4038.0000 96001.3000
4039.1000 96038.0000
4040.2000 96074.4000
4041.3000 96114.8000
4042.4000 96156.5000
4043.5000 96196.9000
4044.6000 96235.4000
4045.7000 96273.0000
4046.8000 96309.6000
4047.9000 96344.3000
4049.0000 96379.4000
4050.1000 96415.1000
4051.2000 96448.8000
4052.3000 96483.0000
4053.4000 96516.0000
4054.5000 96549.0000
4055.6000 96581.1000
4056.7000 96613.1000
4057.8000 96646.5000
4058.9000 96679.9000
4060.0000 96715.1000
4061.1000 96746.9000
4062.2000 96778.5000
4063.3000 96809.9000
4064.4000 96838.5000
4065.5000 96866.9000
4066.6000 96895.5000
4067.7000 96924.1000
4068.8000 96952.3000
4069.9000 96981.1000
4071.0000 97008.6000
4072.1000 97036.8000
4073.2000 97064.0000
4074.3000 97090.9000
4075.4000 97115.9000
4076.5000 97142.3000
4077.6000 97170.6000
4078.7000 97200.7000
4079.8000 97233.9000
4080.9000 97268.9000
4082.0000 97303.3000
4083.1000 97337.2000
4084.2000 97370.3000
4085.3000 97403.5000
4086.4000 97437.7000
4087.5000 97468.2000
4088.6000 97497.9000
4089.7000 97527.7000
4090.8000 97558.9000
4091.9000 97589.7000
4093.0000 97617.5000
4094.1000 97645.5000
4095.2000 97673.4000
4096.3000 97701.3000
4097.3000 97728.0000
4098.3000 97754.7000
4099.3000 97782.2000
4100.3000 97810.6000
4101.3000 97840.4000
4102.3000 97870.2000
4103.3000 97898.8000
4104.3000 97925.5000
4105.3000 97951.7000
4106.3000 97979.7000
4107.3000 98008.2000
4108.3000 98038.1000
4109.3000 98067.0000
4110.3000 98095.9000
4111.3000 98123.9000
4112.3000 98150.7000
4113.3000 98177.0000
4114.3000 98204.1000
4115.3000 98231.9000
4116.3000 98261.8000
4117.3000 98292.9000
4118.3000 98323.7000
4119.3000 98355.5000
4120.3000 98388.0000
4121.3000 98420.0000
4122.3000 98452.6000
4123.3000 98483.1000
4124.3000 98516.8000
4125.3000 98550.0000
4126.3000 98582.6000
4127.3000 98614.0000
4128.3000 98644.3000
4129.3000 98675.1000
4130.3000 98705.8000
4131.3000 98737.1000
4132.3000 98770.7000
4133.3000 98805.9000
4134.3000 98841.9000
4135.3000 98877.6000
4136.3000 98912.4000
4137.3000 98944.3000
4138.3000 98973.9000
4139.3000 99001.8000
4140.3000 99029.9000
4141.3000 99059.1000
4142.3000 99087.4000
4143.3000 99116.0000
4144.3000 99145.0000
4145.3000 99174.6000
4146.3000 99203.6000
4147.3000 99232.0000
4148.3000 99259.4000
4149.3000 99286.4000
4150.3000 99311.6000
4151.3000 99336.1000
4152.3000 99362.1000
4153.3000 99388.2000
4154.3000 99413.0000
4155.3000 99436.6000
4156.3000 99461.3000
4157.3000 99485.8000
4158.3000 99508.8000
4159.3000 99531.0000
4160.3000 99553.8000
4161.3000 99578.7000
4162.3000 99604.3000
4163.3000 99629.6000
4164.3000 99654.2000
4165.3000 99677.3000
4166.3000 99702.1000
4167.3000 99726.6000
4168.3000 99751.5000
4169.3000 99776.5000
4170.3000 99802.0000
4171.3000 99829.9000
4172.3000 99857.7000
4173.3000 99886.4000
4174.3000 99913.7000
4175.3000 99941.5000
4176.3000 99970.0000
4177.3000 99998.0000
4178.3000 100025.7000
4179.3000 100052.7000
4180.3000 100079.8000
4181.3000 100106.7000
4182.3000 100133.3000
4183.3000 100159.3000
4184.3000 100185.8000
4185.3000 100213.4000
4186.3000 100241.4000
4187.3000 100270.0000
4188.3000 100297.9000
4189.3000 100324.9000
4190.3000 100352.2000
4191.3000 100379.7000
4192.3000 100407.3000
4193.3000 100434.4000
4194.3000 100459.6000
4195.3000 100485.2000
4196.3000 100512.9000
4197.3000 100543.2000
4198.3000 100573.1000
4199.3000 100602.4000
4200.3000 100633.3000
4201.3000 100663.5000
4202.3000 100694.8000
4203.3000 100725.9000
4204.3000 100756.5000
4205.3000 100786.0000
4206.3000 100816.8000
4207.3000 100848.7000
4208.3000 100883.4000
4209.3000 100918.1000
4210.3000 100951.7000
4211.3000 100987.7000
4212.3000 101026.1000
4213.3000 101064.0000
4214.3000 101101.4000
4215.3000 101140.0000
4216.3000 101180.0000
4217.3000 101218.6000
4218.3000 101257.6000
4219.3000 101296.9000
4220.3000 101334.9000
4221.3000 101372.9000
4222.3000 101411.4000
4223.3000 101449.8000
4224.3000 101486.7000
4225.3000 101522.6000
4226.3000 101556.8000
4227.3000 101591.6000
4228.3000 101624.1000
4229.3000 101656.7000
4230.3000 101688.4000
4231.3000 101718.9000
4232.3000 101748.8000
4233.3000 101776.0000
4234.3000 101800.2000
4235.3000 101822.9000
4236.3000 101844.9000
4237.3000 101867.4000
4238.3000 101891.6000
4239.3000 101916.7000
4240.3000 101942.7000
4241.3000 101969.1000
4242.3000 101994.6000
4243.3000 102019.7000
4244.3000 102044.7000
4245.3000 102071.0000
4246.3000 102099.6000
4247.3000 102130.1000
4248.3000 102161.2000
4249.3000 102190.6000
4250.3000 102219.6000
4251.3000 102249.3000
4252.3000 102279.7000
4253.3000 102307.1000
4254.3000 102333.1000
4255.3000 102358.4000
4256.3000 102383.4000
4257.3000 102408.7000
4258.3000 102434.7000
4259.3000 102460.7000
4260.3000 102488.5000
4261.3000 102516.1000
4262.3000 102544.1000
4263.3000 102572.0000
4264.3000 102598.6000
4265.3000 102623.6000
4266.3000 102647.7000
4267.3000 102670.8000
4268.3000 102695.1000
4269.3000 102719.5000
4270.3000 102743.0000
4271.3000 102767.0000
4272.3000 102791.0000
4273.3000 102815.8000
4274.3000 102840.7000
4275.3000 102864.6000
4276.3000 102887.1000
4277.3000 102911.2000
4278.3000 102936.8000
4279.3000 102961.1000
4280.3000 102982.7000
4281.3000 103003.5000
4282.3000 103024.5000
4283.3000 103044.6000
4284.3000 103063.9000
4285.3000 103084.7000
4286.3000 103106.5000
4287.3000 103129.3000
4288.3000 103152.3000
4289.3000 103173.9000
4290.3000 103194.7000
4291.3000 103215.3000
4292.3000 103236.0000
4293.3000 103257.2000
4294.3000 103279.9000
4295.3000 103302.8000
4296.3000 103326.0000
4297.3000 103349.0000
4298.3000 103373.2000
4299.3000 103397.7000
4300.3000 103421.7000
4301.3000 103445.7000
4302.3000 103470.7000
4303.3000 103497.3000
4304.3000 103522.3000
4305.3000 103546.6000
4306.3000 103571.1000
4307.3000 103593.8000
4308.3000 103616.2000
4309.3000 103639.1000
4310.3000 103662.8000
4311.3000 103685.8000
4312.3000 103709.7000
4313.3000 103734.7000
4314.3000 103758.7000
4315.3000 103780.3000
4316.3000 103801.2000
4317.3000 103820.2000
4318.3000 103838.9000
4319.3000 103858.3000
4320.3000 103879.3000
4321.3000 103900.4000
4322.3000 103922.6000
4323.3000 103945.9000
4324.3000 103968.9000
4325.3000 103990.9000
4326.3000 104012.9000
4327.3000 104035.2000
4328.3000 104057.9000
4329.3000 104080.0000
4330.3000 104101.5000
4331.3000 104124.2000
4332.3000 104147.2000
4333.3000 104170.8000
4334.3000 104194.9000
4335.3000 104218.2000
4336.3000 104241.6000
4337.3000 104266.0000
4338.3000 104292.3000
4339.3000 104319.3000
4340.3000 104346.4000
4341.3000 104374.7000
4342.3000 104403.7000
4343.3000 104431.8000
4344.3000 104458.0000
4345.3000 104484.3000
4346.3000 104511.6000
4347.3000 104542.0000
4348.3000 104573.8000
4349.3000 104605.9000
4350.3000 104639.3000
4351.3000 104672.8000
4352.3000 104706.3000
4353.3000 104740.2000
4354.3000 104773.5000
4355.3000 104806.1000
4356.3000 104838.5000
4357.3000 104870.3000
4358.3000 104900.8000
4359.3000 104931.1000
4360.3000 104958.9000
4361.3000 104985.9000
4362.3000 105012.9000
4363.3000 105040.9000
4364.3000 105069.9000
4365.3000 105100.3000
4366.3000 105130.3000
4367.3000 105158.8000
4368.3000 105189.3000
4369.3000 105219.6000
4370.3000 105249.7000
4371.3000 105280.6000
4372.3000 105311.6000
4373.3000 105342.6000
4374.3000 105372.6000
4375.3000 105402.4000
4376.3000 105435.0000
4377.3000 105466.7000
4378.3000 105498.3000
4379.3000 105530.4000
4380.3000 105564.1000
4381.3000 105596.9000
4382.3000 105629.1000
4383.3000 105658.0000
4384.3000 105687.1000
4385.3000 105717.6000
4386.3000 105745.3000
4387.3000 105772.6000
4388.3000 105799.6000
4389.3000 105826.6000
4390.3000 105854.2000
4391.3000 105882.2000
4392.3000 105910.5000
4393.3000 105938.8000
4394.3000 105968.5000
4395.3000 105999.8000
4396.3000 106029.0000
4397.3000 106057.0000
4398.3000 106083.6000
4399.3000 106109.6000
4400.3000 106134.3000
4401.3000 106156.7000
4402.3000 106178.7000
4403.3000 106200.2000
4404.3000 106222.7000
4405.3000 106246.7000
4406.3000 106270.9000
4407.3000 106294.3000
4408.3000 106318.2000
4409.3000 106343.9000
4410.3000 106369.9000
4411.3000 106396.4000
4412.3000 106424.3000
4413.3000 106451.3000
4414.3000 106476.3000
4415.3000 106500.4000
4416.3000 106524.6000
4417.3000 106549.7000
4418.3000 106576.7000
4419.3000 106602.0000
4420.3000 106629.7000
4421.3000 106659.7000
4422.3000 106690.2000
4423.3000 106721.2000
4424.3000 106752.9000
4425.3000 106786.4000
4426.3000 106821.2000
4427.3000 106855.5000
4428.3000 106891.0000
4429.3000 106926.0000
4430.3000 106961.0000
4431.3000 106994.8000
4432.3000 107028.8000
4433.3000 107061.3000
4434.3000 107093.5000
4435.3000 107126.5000
4436.3000 107159.3000
4437.3000 107193.0000
4438.3000 107224.3000
4439.3000 107254.7000
4440.3000 107285.9000
4441.3000 107314.9000
4442.3000 107344.9000
4443.3000 107374.9000
4444.3000 107404.0000
4445.3000 107430.9000
4446.3000 107455.7000
4447.3000 107479.8000
4448.3000 107504.0000
4449.3000 107529.1000
4450.3000 107554.1000
4451.3000 107579.9000
4452.3000 107604.7000
4453.3000 107628.0000
4454.3000 107651.2000
4455.3000 107672.2000
4456.3000 107694.8000
4457.3000 107717.6000
4458.3000 107739.2000
4459.3000 107760.6000
4460.3000 107783.6000
4461.3000 107806.3000
4462.3000 107830.6000
4463.3000 107857.2000
4464.3000 107884.9000
4465.3000 107914.5000
4466.3000 107945.4000
4467.3000 107977.0000
4468.3000 108008.6000
4469.3000 108039.7000
4470.3000 108069.6000
4471.3000 108098.9000
4472.3000 108128.0000
4473.3000 108159.5000
4474.3000 108192.4000
4475.3000 108225.3000
4476.3000 108256.6000
4477.3000 108287.6000
4478.3000 108318.4000
4479.3000 108349.9000
4480.3000 108380.9000
4481.3000 108410.9000
4482.3000 108441.5000
4483.3000 108473.4000
4484.3000 108505.2000
4485.3000 108536.3000
4486.3000 108568.2000
4487.3000 108599.3000
4488.3000 108631.5000
4489.3000 108663.0000
4490.3000 108695.6000
4491.3000 108725.9000
4492.3000 108756.9000
4493.3000 108787.9000
4494.3000 108818.0000
4495.3000 108846.8000
4496.3000 108876.8000
4497.3000 108906.3000
4498.3000 108937.0000
4499.3000 108970.4000
4500.3000 109004.4000
4501.3000 109037.0000
4502.3000 109067.9000
4503.3000 109097.9000
4504.3000 109128.3000
4505.3000 109158.3000
4506.3000 109189.0000
4507.3000 109218.7000
4508.3000 109247.4000
4509.3000 109274.4000
4510.3000 109299.5000
4511.3000 109324.7000
4512.3000 109349.0000
4513.3000 109373.5000
4514.3000 109398.1000
4515.3000 109423.8000
4516.3000 109452.1000
4517.3000 109480.7000
4518.3000 109508.8000
4519.3000 109536.2000
4520.3000 109563.8000
4521.3000 109589.8000
4522.3000 109614.2000
4523.3000 109639.8000
4524.3000 109669.1000
4525.3000 109699.1000
4526.3000 109728.9000
4527.3000 109759.7000
4528.3000 109789.3000
4529.3000 109819.9000
4530.3000 109851.5000
4531.3000 109882.5000
4532.3000 109911.5000
4533.3000 109941.3000
4534.3000 109971.7000
4535.3000 110001.8000
4536.3000 110031.8000
4537.3000 110062.2000
4538.3000 110092.8000
4539.3000 110123.3000
4540.3000 110153.9000
4541.3000 110188.0000
4542.3000 110223.0000
4543.3000 110257.2000
4544.3000 110288.7000
4545.3000 110319.6000
4546.3000 110350.4000
4547.3000 110381.5000
4548.3000 110411.0000
4549.3000 110437.8000
4550.3000 110464.2000
4551.3000 110490.1000
4552.3000 110514.2000
4553.3000 110538.3000
4554.3000 110562.3000
4555.3000 110588.3000
4556.3000 110614.9000
4557.3000 110640.9000
4558.3000 110665.6000
4559.3000 110690.6000
4560.3000 110716.8000
4561.3000 110742.8000
4562.3000 110768.8000
4563.3000 110795.9000
4564.3000 110821.3000
4565.3000 110846.7000
4566.3000 110872.4000
4567.3000 110897.0000
4568.3000 110921.0000
4569.3000 110944.1000
4570.3000 110967.0000
4571.3000 110989.9000
4572.3000 111014.2000
4573.3000 111040.1000
4574.3000 111065.1000
4575.3000 111091.3000
4576.3000 111118.3000
4577.3000 111145.1000
4578.3000 111170.1000
4579.3000 111197.0000
4580.3000 111223.0000
4581.3000 111247.9000
4582.3000 111271.4000
4583.3000 111296.6000
4584.3000 111324.4000
4585.3000 111352.7000
4586.3000 111380.9000
4587.3000 111408.9000
4588.3000 111435.3000
4589.3000 111460.5000
4590.3000 111486.8000
4591.3000 111512.5000
4592.3000 111536.7000
4593.3000 111562.0000
4594.3000 111587.2000
4595.3000 111612.8000
4596.3000 111638.1000
4597.3000 111665.2000
4598.3000 111693.5000
4599.3000 111721.6000
4600.3000 111750.8000
4601.3000 111778.5000
4602.3000 111805.9000
4603.3000 111831.0000
4604.3000 111854.4000
4605.3000 111878.4000
4606.3000 111904.2000
4607.3000 111929.2000
4608.3000 111952.4000
4609.3000 111975.5000
4610.3000 112000.4000
4611.3000 112026.4000
4612.3000 112052.4000
4613.3000 112078.5000
4614.3000 112102.3000
4615.3000 112125.3000
4616.3000 112148.3000
4617.3000 112169.9000
4618.3000 112192.9000
4619.3000 112216.2000
4620.3000 112239.2000
4621.3000 112262.5000
4622.3000 112286.5000
4623.3000 112311.0000
4624.3000 112336.5000
4625.3000 112362.8000
4626.3000 112389.4000
4627.3000 112415.4000
4628.3000 112440.9000
4629.3000 112467.0000
4630.3000 112495.1000
4631.3000 112523.4000
4632.3000 112552.2000
4633.3000 112582.3000
4634.3000 112612.3000
4635.3000 112643.4000
4636.3000 112676.3000
4637.3000 112711.5000
4638.3000 112747.7000
4639.3000 112784.7000
4640.3000 112820.5000
4641.3000 112855.4000
4642.3000 112888.7000
4643.3000 112923.0000
4644.3000 112958.2000
4645.3000 112993.4000
4646.3000 113028.8000
4647.3000 113064.8000
4648.3000 113101.8000
4649.3000 113139.6000
4650.3000 113178.5000
4651.3000 113218.3000
4652.3000 113257.8000
4653.3000 113295.4000
4654.3000 113331.0000
4655.3000 113366.8000
4656.3000 113401.2000
4657.3000 113434.4000
4658.3000 113466.9000
4659.3000 113498.9000
4660.3000 113530.7000
4661.3000 113564.0000
4662.3000 113600.0000
4663.3000 113633.7000
4664.3000 113667.1000
4665.3000 113702.6000
4666.3000 113738.5000
4667.3000 113775.9000
4668.3000 113811.5000
4669.3000 113847.4000
4670.3000 113883.3000
4671.3000 113919.2000
4672.3000 113955.1000
4673.3000 113990.1000
4674.3000 114024.4000
4675.3000 114057.2000
4676.3000 114089.8000
4677.3000 114122.2000
4678.3000 114157.4000
4679.3000 114195.7000
4680.3000 114233.0000
4681.3000 114272.1000
4682.3000 114311.5000
4683.3000 114352.1000
4684.3000 114392.8000
4685.3000 114434.0000
4686.3000 114476.9000
4687.3000 114518.8000
4688.3000 114561.9000
4689.3000 114606.4000
4690.3000 114653.8000
4691.3000 114702.6000
4692.3000 114752.4000
4693.3000 114802.4000
4694.3000 114851.6000
4695.3000 114901.8000
4696.3000 114954.0000
4697.3000 115008.6000
4698.3000 115062.1000
4699.3000 115114.3000
4700.3000 115166.9000
4701.3000 115218.4000
4702.3000 115270.2000
4703.3000 115320.6000
4704.3000 115370.7000
4705.3000 115420.0000
4706.3000 115468.0000
4707.3000 115517.1000
4708.3000 115566.7000
4709.3000 115616.5000
4710.3000 115665.3000
4711.3000 115713.2000
4712.3000 115759.2000
4713.3000 115804.4000
4714.3000 115847.3000
4715.3000 115890.2000
4716.3000 115930.9000
4717.3000 115967.6000
4718.3000 116002.9000
4719.3000 116038.4000
4720.3000 116072.9000
4721.3000 116105.8000
4722.3000 116137.4000
4723.3000 116168.4000
4724.3000 116200.4000
4725.3000 116231.5000
4726.3000 116263.7000
4727.3000 116295.8000
4728.3000 116327.1000
4729.3000 116358.6000
4730.3000 116389.0000
4731.3000 116418.2000
4732.3000 116446.0000
4733.3000 116473.9000
4734.3000 116501.3000
4735.3000 116529.6000
4736.3000 116557.5000
4737.3000 116584.2000
4738.3000 116610.8000
4739.3000 116637.6000
4740.3000 116664.2000
4741.3000 116690.1000
4742.3000 116715.9000
4743.3000 116741.3000
4744.3000 116767.4000
4745.3000 116794.5000
4746.3000 116820.4000
4747.3000 116848.3000
4748.3000 116877.3000
4749.3000 116906.6000
4750.3000 116935.8000
4751.3000 116966.6000
4752.3000 116997.6000
4753.3000 117027.8000
4754.3000 117059.4000
4755.3000 117090.1000
4756.3000 117121.1000
4757.3000 117151.2000
4758.3000 117181.4000
4759.3000 117214.4000
4760.3000 117247.9000
4761.3000 117280.1000
4762.3000 117312.9000
4763.3000 117345.0000
4764.3000 117377.8000
4765.3000 117410.8000
4766.3000 117443.6000
4767.3000 117476.6000
4768.3000 117509.0000
4769.3000 117539.9000
4770.3000 117570.8000
4771.3000 117600.2000
4772.3000 117629.4000
4773.3000 117659.1000
4774.3000 117684.9000
4775.3000 117710.3000
4776.3000 117736.2000
4777.3000 117760.4000
4778.3000 117783.7000
4779.3000 117806.2000
4780.3000 117828.2000
4781.3000 117850.6000
4782.3000 117872.0000
4783.3000 117892.7000
4784.3000 117912.5000
4785.3000 117930.3000
4786.3000 117947.3000
4787.3000 117964.7000
4788.3000 117982.7000
4789.3000 117999.7000
4790.3000 118017.7000
4791.3000 118035.0000
4792.3000 118052.7000
4793.3000 118070.0000
4794.3000 118088.2000
4795.3000 118107.4000
4796.3000 118125.8000
4797.3000 118143.8000
4798.3000 118161.8000
4799.3000 118179.8000
4800.3000 118196.7000
4801.3000 118212.7000
4802.3000 118229.0000
4803.3000 118246.1000
4804.3000 118264.1000
4805.3000 118283.0000
4806.3000 118303.5000
4807.3000 118324.7000
4808.3000 118348.3000
4809.3000 118373.1000
4810.3000 118399.1000
4811.3000 118423.8000
4812.3000 118448.4000
4813.3000 118472.7000
4814.3000 118496.7000
4815.3000 118521.5000
4816.3000 118546.5000
4817.3000 118572.9000
4818.3000 118600.6000
4819.3000 118628.6000
4820.3000 118658.9000
4821.3000 118692.0000
4822.3000 118725.0000
4823.3000 118759.4000
4824.3000 118796.3000
4825.3000 118835.0000
4826.3000 118874.0000
4827.3000 118912.9000
4828.3000 118954.5000
4829.3000 118998.2000
4830.3000 119039.7000
4831.3000 119080.0000
4832.3000 119119.7000
4833.3000 119159.9000
4834.3000 119202.7000
4835.3000 119245.8000
4836.3000 119290.1000
4837.3000 119335.9000
4838.3000 119382.4000
4839.3000 119428.3000
4840.3000 119474.1000
4841.3000 119520.7000
4842.3000 119566.3000
4843.3000 119611.6000
4844.3000 119656.2000
4845.3000 119700.7000
4846.3000 119744.0000
4847.3000 119788.5000
4848.3000 119831.5000
4849.3000 119873.9000
4850.3000 119915.8000
4851.3000 119956.2000
4852.3000 119995.5000
4853.3000 120033.0000
4854.3000 120070.3000
4855.3000 120106.7000
4856.3000 120141.1000
4857.3000 120173.8000
4858.3000 120204.5000
4859.3000 120235.8000
4860.3000 120267.1000
4861.3000 120296.6000
4862.3000 120324.5000
4863.3000 120352.7000
4864.3000 120381.2000
4865.3000 120408.7000
4866.3000 120435.6000
4867.3000 120460.7000
4868.3000 120486.9000
4869.3000 120514.8000
4870.3000 120542.6000
4871.3000 120569.7000
4872.3000 120596.0000
4873.3000 120622.2000
4874.3000 120650.7000
4875.3000 120682.1000
4876.3000 120714.1000
4877.3000 120746.1000
4878.3000 120778.9000
4879.3000 120813.7000
4880.3000 120847.7000
4881.3000 120882.9000
4882.3000 120918.2000
4883.3000 120953.0000
4884.3000 120988.6000
4885.3000 121025.1000
4886.3000 121059.7000
4887.3000 121094.7000
4888.3000 121129.2000
4889.3000 121163.2000
4890.3000 121196.5000
4891.3000 121228.8000
4892.3000 121260.9000
4893.3000 121293.8000
4894.3000 121326.1000
4895.3000 121357.4000
4896.3000 121387.1000
4897.3000 121414.5000
4898.3000 121441.3000
4899.3000 121469.2000
4900.3000 121496.1000
4901.3000 121520.8000
4902.3000 121545.1000
4903.3000 121570.1000
4904.3000 121593.9000
4905.3000 121616.9000
4906.3000 121640.2000
4907.3000 121666.1000
4908.3000 121695.3000
4909.3000 121725.5000
4910.3000 121755.0000
4911.3000 121785.0000
4912.3000 121815.2000
4913.3000 121846.8000
4914.3000 121878.9000
4915.3000 121912.1000
4916.3000 121941.9000
4917.3000 121970.4000
4918.3000 121998.8000
4919.3000 122028.2000
4920.3000 122059.2000
4921.3000 122089.4000
4922.3000 122118.3000
4923.3000 122148.1000
4924.3000 122178.8000
4925.3000 122207.5000
4926.3000 122235.3000
4927.3000 122263.0000
4928.3000 122289.4000
4929.3000 122313.9000
4930.3000 122336.8000
4931.3000 122360.1000
4932.3000 122382.1000
4933.3000 122404.1000
4934.3000 122425.3000
4935.3000 122446.8000
4936.3000 122469.8000
4937.3000 122491.7000
4938.3000 122512.2000
4939.3000 122533.5000
4940.3000 122555.0000
4941.3000 122578.6000
4942.3000 122602.3000
4943.3000 122624.6000
4944.3000 122646.8000
4945.3000 122668.8000
4946.3000 122691.8000
4947.3000 122714.0000
4948.3000 122736.1000
4949.3000 122759.1000
4950.3000 122782.0000
4951.3000 122805.0000
4952.3000 122829.2000
4953.3000 122853.4000
4954.3000 122878.3000
4955.3000 122903.3000
4956.3000 122929.1000
4957.3000 122955.1000
4958.3000 122981.0000
4959.3000 123007.3000
4960.3000 123034.9000
4961.3000 123060.7000
4962.3000 123085.9000
4963.3000 123111.4000
4964.3000 123138.0000
4965.3000 123168.3000
4966.3000 123199.3000
4967.3000 123230.3000
4968.3000 123260.5000
4969.3000 123290.2000
4970.3000 123320.5000
4971.3000 123351.7000
4972.3000 123381.3000
4973.3000 123411.6000
4974.3000 123441.6000
4975.3000 123469.0000
4976.3000 123496.9000
4977.3000 123525.4000
4978.3000 123553.7000
4979.3000 123581.1000
4980.3000 123608.1000
4981.3000 123634.7000
4982.3000 123659.6000
4983.3000 123684.7000
4984.3000 123709.5000
4985.3000 123732.5000
4986.3000 123754.8000
4987.3000 123778.0000
4988.3000 123801.9000
4989.3000 123825.4000
4990.3000 123849.5000
4991.3000 123873.9000
4992.3000 123897.5000
4993.3000 123924.6000
4994.3000 123951.9000
4995.3000 123978.4000
4996.3000 124004.0000
4997.3000 124031.6000
4998.3000 124059.9000
4999.3000 124088.3000
5000.3000 124115.1000
5001.3000 124141.6000
5002.3000 124167.9000
5003.3000 124192.9000
5004.3000 124217.9000
5005.3000 124241.0000
5006.3000 124263.0000
5007.3000 124286.0000
5008.3000 124310.4000
5009.3000 124334.3000
5010.3000 124357.5000
5011.3000 124379.5000
5012.3000 124401.5000
5013.3000 124422.7000
5014.3000 124443.8000
5015.3000 124464.9000
5016.3000 124486.8000
5017.3000 124510.2000
5018.3000 124534.7000
5019.3000 124562.2000
5020.3000 124589.1000
5021.3000 124615.1000
5022.3000 124641.2000
5023.3000 124667.3000
5024.3000 124695.5000
5025.3000 124725.4000
5026.3000 124758.4000
5027.3000 124789.7000
5028.3000 124820.7000
5029.3000 124851.6000
5030.3000 124884.0000
5031.3000 124916.1000
5032.3000 124947.8000
5033.3000 124980.6000
5034.3000 125012.8000
5035.3000 125043.7000
5036.3000 125074.2000
5037.3000 125103.6000
5038.3000 125133.5000
5039.3000 125163.3000
5040.3000 125191.6000
5041.3000 125222.0000
5042.3000 125252.7000
5043.3000 125283.5000
5044.3000 125315.3000
5045.3000 125348.5000
5046.3000 125383.4000
5047.3000 125417.8000
5048.3000 125451.7000
5049.3000 125485.6000
5050.3000 125519.6000
5051.3000 125554.4000
5052.3000 125589.4000
5053.3000 125623.4000
5054.3000 125658.0000
5055.3000 125695.5000
5056.3000 125733.2000
5057.3000 125771.9000
5058.3000 125810.7000
5059.3000 125848.8000
5060.3000 125886.7000
5061.3000 125924.4000
5062.3000 125960.2000
5063.3000 125994.8000
5064.3000 126030.0000
5065.3000 126064.4000
5066.3000 126099.5000
5067.3000 126135.5000
5068.3000 126172.5000
5069.3000 126211.6000
5070.3000 126251.5000
5071.3000 126291.5000
5072.3000 126332.2000
5073.3000 126371.4000
5074.3000 126409.4000
5075.3000 126447.6000
5076.3000 126488.1000
5077.3000 126530.4000
5078.3000 126573.0000
5079.3000 126612.5000
5080.3000 126648.9000
5081.3000 126684.6000
5082.3000 126719.5000
5083.3000 126753.5000
5084.3000 126787.7000
5085.3000 126819.5000
5086.3000 126850.8000
5087.3000 126881.8000
5088.3000 126915.1000
5089.3000 126951.1000
5090.3000 126986.1000
5091.3000 127022.2000
5092.3000 127059.2000
5093.3000 127095.4000
5094.3000 127131.2000
5095.3000 127166.0000
5096.3000 127201.4000
5097.3000 127237.9000
5098.3000 127274.4000
5099.3000 127312.3000
5100.3000 127351.5000
5101.3000 127392.3000
5102.3000 127434.1000
5103.3000 127477.5000
5104.3000 127521.2000
5105.3000 127560.8000
5106.3000 127599.8000
5107.3000 127638.8000
5108.3000 127678.2000
5109.3000 127717.5000
5110.3000 127755.0000
5111.3000 127792.3000
5112.3000 127829.2000
5113.3000 127865.2000
5114.3000 127900.7000
5115.3000 127936.1000
5116.3000 127971.2000
5117.3000 128004.4000
5118.3000 128037.4000
5119.3000 128068.9000
5120.3000 128099.7000
5121.3000 128129.8000
5122.3000 128158.2000
5123.3000 128186.3000
5124.3000 128216.1000
5125.3000 128247.1000
5126.3000 128278.1000
5127.3000 128309.1000
5128.3000 128339.1000
5129.3000 128369.2000
5130.3000 128399.2000
5131.3000 128431.0000
5132.3000 128464.2000
5133.3000 128497.4000
5134.3000 128529.7000
5135.3000 128563.6000
5136.3000 128600.2000
5137.3000 128637.2000
5138.3000 128673.5000
5139.3000 128709.5000
5140.3000 128746.1000
5141.3000 128781.5000
5142.3000 128815.3000
5143.3000 128848.6000
5144.3000 128882.9000
5145.3000 128916.5000
5146.3000 128948.0000
5147.3000 128979.7000
5148.3000 129011.6000
5149.3000 129043.0000
5150.3000 129074.9000
5151.3000 129107.5000
5152.3000 129140.6000
5153.3000 129174.6000
5154.3000 129208.0000
5155.3000 129241.6000
5156.3000 129276.6000
5157.3000 129312.9000
5158.3000 129348.0000
5159.3000 129382.8000
5160.3000 129415.3000
5161.3000 129445.4000
5162.3000 129474.4000
5163.3000 129503.4000
5164.3000 129532.4000
5165.3000 129560.9000
5166.3000 129590.9000
5167.3000 129620.5000
5168.3000 129648.6000
5169.3000 129676.0000
5170.3000 129703.5000
5171.3000 129729.2000
5172.3000 129755.9000
5173.3000 129780.9000
5174.3000 129805.9000
5175.3000 129831.4000
5176.3000 129854.4000
5177.3000 129877.7000
5178.3000 129900.5000
5179.3000 129923.3000
5180.3000 129946.3000
5181.3000 129969.5000
5182.3000 129994.2000
5183.3000 130020.4000
5184.3000 130047.4000
5185.3000 130074.6000
5186.3000 130100.6000
5187.3000 130127.2000
5188.3000 130153.0000
5189.3000 130182.5000
5190.3000 130212.6000
5191.3000 130241.8000
5192.3000 130270.3000
5193.3000 130298.0000
5194.3000 130326.0000
5195.3000 130353.4000
5196.3000 130378.8000
5197.3000 130403.8000
5198.3000 130429.5000
5199.3000 130456.8000
5200.3000 130486.3000
5201.3000 130518.9000
5202.3000 130551.5000
5203.3000 130586.0000
5204.3000 130620.6000
5205.3000 130654.9000
5206.3000 130688.4000
5207.3000 130722.4000
5208.3000 130755.1000
5209.3000 130788.1000
5210.3000 130820.1000
5211.3000 130851.6000
5212.3000 130885.2000
5213.3000 130917.0000
5214.3000 130948.5000
5215.3000 130979.8000
5216.3000 131014.1000
5217.3000 131049.7000
5218.3000 131088.0000
5219.3000 131128.1000
5220.3000 131169.3000
5221.3000 131210.4000
5222.3000 131250.1000
5223.3000 131286.6000
5224.3000 131321.6000
5225.3000 131355.6000
5226.3000 131388.6000
5227.3000 131421.1000
5228.3000 131453.7000
5229.3000 131485.9000
5230.3000 131517.6000
5231.3000 131548.1000
5232.3000 131577.7000
5233.3000 131607.3000
5234.3000 131637.1000
5235.3000 131667.2000
5236.3000 131695.6000
5237.3000 131722.6000
5238.3000 131748.6000
5239.3000 131775.2000
5240.3000 131802.7000
5241.3000 131831.6000
5242.3000 131861.0000
5243.3000 131890.2000
5244.3000 131917.2000
5245.3000 131943.9000
5246.3000 131971.0000
5247.3000 131997.6000
5248.3000 132025.1000
5249.3000 132053.1000
5250.3000 132080.6000
5251.3000 132107.6000
5252.3000 132134.1000
5253.3000 132158.8000
5254.3000 132181.5000
5255.3000 132201.6000
5256.3000 132221.8000
5257.3000 132241.6000
5258.3000 132260.6000
5259.3000 132278.9000
5260.3000 132297.7000
5261.3000 132315.5000
5262.3000 132332.7000
5263.3000 132350.9000
5264.3000 132369.8000
5265.3000 132387.2000
5266.3000 132405.2000
5267.3000 132424.2000
5268.3000 132443.3000
5269.3000 132463.3000
5270.3000 132484.6000
5271.3000 132506.3000
5272.3000 132528.3000
5273.3000 132549.2000
5274.3000 132571.4000
5275.3000 132593.5000
5276.3000 132615.8000
5277.3000 132639.6000
5278.3000 132662.9000
5279.3000 132688.8000
5280.3000 132714.6000
5281.3000 132741.0000
5282.3000 132769.9000
5283.3000 132800.9000
5284.3000 132834.5000
5285.3000 132868.0000
5286.3000 132902.0000
5287.3000 132936.0000
5288.3000 132971.5000
5289.3000 133007.9000
5290.3000 133044.8000
5291.3000 133081.6000
5292.3000 133117.1000
5293.3000 133152.5000
5294.3000 133188.2000
5295.3000 133223.8000
5296.3000 133258.4000
5297.3000 133293.9000
5298.3000 133330.0000
5299.3000 133366.2000
5300.3000 133402.3000
5301.3000 133438.0000
5302.3000 133474.3000
5303.3000 133510.1000
5304.3000 133545.3000
5305.3000 133581.2000
5306.3000 133617.4000
5307.3000 133653.4000
5308.3000 133688.0000
5309.3000 133723.0000
5310.3000 133758.9000
5311.3000 133795.0000
5312.3000 133832.6000
5313.3000 133871.8000
5314.3000 133910.2000
5315.3000 133948.2000
5316.3000 133984.7000
5317.3000 134018.2000
5318.3000 134050.1000
5319.3000 134081.5000
5320.3000 134112.3000
5321.3000 134143.4000
5322.3000 134178.1000
5323.3000 134213.6000
5324.3000 134249.5000
5325.3000 134287.9000
5326.3000 134325.7000
5327.3000 134363.2000
5328.3000 134401.3000
5329.3000 134439.9000
5330.3000 134477.0000
5331.3000 134512.8000
5332.3000 134546.4000
5333.3000 134579.4000
5334.3000 134611.3000
5335.3000 134641.3000
5336.3000 134669.5000
5337.3000 134698.4000
5338.3000 134729.3000
5339.3000 134761.5000
5340.3000 134794.0000
5341.3000 134828.4000
5342.3000 134864.4000
5343.3000 134900.6000
5344.3000 134934.8000
5345.3000 134967.9000
5346.3000 135001.2000
5347.3000 135037.0000
5348.3000 135075.2000
5349.3000 135113.9000
5350.3000 135152.6000
5351.3000 135190.2000
5352.3000 135225.7000
5353.3000 135260.9000
5354.3000 135296.9000
5355.3000 135331.6000
5356.3000 135363.1000
5357.3000 135393.7000
5358.3000 135424.5000
5359.3000 135453.9000
5360.3000 135482.0000
5361.3000 135508.8000
5362.3000 135533.8000
5363.3000 135558.8000
5364.3000 135585.4000
5365.3000 135614.1000
5366.3000 135643.9000
5367.3000 135673.6000
5368.3000 135702.7000
5369.3000 135732.4000
5370.3000 135761.6000
5371.3000 135789.9000
5372.3000 135818.9000
5373.3000 135847.9000
5374.3000 135876.9000
5375.3000 135905.5000
5376.3000 135935.0000
5377.3000 135963.4000
5378.3000 135990.7000
5379.3000 136019.1000
5380.3000 136048.1000
5381.3000 136076.6000
5382.3000 136102.0000
5383.3000 136128.2000
5384.3000 136155.6000
5385.3000 136184.2000
5386.3000 136212.7000
5387.3000 136240.7000
5388.3000 136268.9000
5389.3000 136297.5000
5390.3000 136325.5000
5391.3000 136353.5000
5392.3000 136381.5000
5393.3000 136409.0000
5394.3000 136433.5000
5395.3000 136459.0000
5396.3000 136484.7000
5397.3000 136509.8000
5398.3000 136534.8000
5399.3000 136559.6000
5400.3000 136583.5000
5401.3000 136606.2000
5402.3000 136627.4000
5403.3000 136647.4000
5404.3000 136666.7000
5405.3000 136684.9000
5406.3000 136702.4000
5407.3000 136719.4000
5408.3000 136737.1000
5409.3000 136755.1000
5410.3000 136772.6000
5411.3000 136791.0000
5412.3000 136810.1000
5413.3000 136830.1000
5414.3000 136850.3000
5415.3000 136871.3000
5416.3000 136892.7000
5417.3000 136914.7000
5418.3000 136936.4000
5419.3000 136959.8000
5420.3000 136983.5000
5421.3000 137007.2000
5422.3000 137033.3000
5423.3000 137059.6000
5424.3000 137087.3000
5425.3000 137116.3000
5426.3000 137144.7000
5427.3000 137173.0000
5428.3000 137201.4000
5429.3000 137229.7000
5430.3000 137256.1000
5431.3000 137283.9000
5432.3000 137311.9000
5433.3000 137339.6000
5434.3000 137367.3000
5435.3000 137396.5000
5436.3000 137427.2000
5437.3000 137458.2000
5438.3000 137489.4000
5439.3000 137522.3000
5440.3000 137556.2000
5441.3000 137589.1000
5442.3000 137620.8000
5443.3000 137651.7000
5444.3000 137683.6000
5445.3000 137718.7000
5446.3000 137754.7000
5447.3000 137790.0000
5448.3000 137823.9000
5449.3000 137856.8000
5450.3000 137887.9000
5451.3000 137916.9000
5452.3000 137947.9000
5453.3000 137982.7000
5454.3000 138019.6000
5455.3000 138053.4000
5456.3000 138088.3000
5457.3000 138124.3000
5458.3000 138158.9000
5459.3000 138195.2000
5460.3000 138232.4000
5461.3000 138270.2000
5462.3000 138309.4000
5463.3000 138349.8000
5464.3000 138389.2000
5465.3000 138429.9000
5466.3000 138470.9000
5467.3000 138511.9000
5468.3000 138552.9000
5469.3000 138595.3000
5470.3000 138637.7000
5471.3000 138681.5000
5472.3000 138723.6000
5473.3000 138766.3000
5474.3000 138811.7000
5475.3000 138858.9000
5476.3000 138905.9000
5477.3000 138953.5000
5478.3000 139001.1000
5479.3000 139048.9000
5480.3000 139094.1000
5481.3000 139138.4000
5482.3000 139181.2000
5483.3000 139222.0000
5484.3000 139262.4000
5485.3000 139302.9000
5486.3000 139343.5000
5487.3000 139385.5000
5488.3000 139430.6000
5489.3000 139475.3000
5490.3000 139519.6000
5491.3000 139564.7000
5492.3000 139609.5000
5493.3000 139654.1000
5494.3000 139700.7000
5495.3000 139747.4000
5496.3000 139795.7000
5497.3000 139843.8000
5498.3000 139891.3000
5499.3000 139939.2000
5500.3000 139986.6000
5501.3000 140032.6000
5502.3000 140078.6000
5503.3000 140124.2000
5504.3000 140170.4000
5505.3000 140216.4000
5506.3000 140261.4000
5507.3000 140306.4000
5508.3000 140349.4000
5509.3000 140390.8000
5510.3000 140431.8000
5511.3000 140473.0000
5512.3000 140513.9000
5513.3000 140550.2000
5514.3000 140586.5000
5515.3000 140625.0000
5516.3000 140661.3000
5517.3000 140694.9000
5518.3000 140728.1000
5519.3000 140760.1000
5520.3000 140792.3000
5521.3000 140824.2000
5522.3000 140856.4000
5523.3000 140888.1000
5524.3000 140920.7000
5525.3000 140953.0000
5526.3000 140986.0000
5527.3000 141018.3000
5528.3000 141053.9000
5529.3000 141088.7000
5530.3000 141122.2000
5531.3000 141156.3000
5532.3000 141190.7000
5533.3000 141225.7000
5534.3000 141262.5000
5535.3000 141300.6000
5536.3000 141340.9000
5537.3000 141381.3000
5538.3000 141419.6000
5539.3000 141458.3000
5540.3000 141496.2000
5541.3000 141531.9000
5542.3000 141567.2000
5543.3000 141601.6000
5544.3000 141636.1000
5545.3000 141669.4000
5546.3000 141703.3000
5547.3000 141735.5000
5548.3000 141765.9000
5549.3000 141794.8000
5550.3000 141825.3000
5551.3000 141856.1000
5552.3000 141887.4000
5553.3000 141920.3000
5554.3000 141952.9000
5555.3000 141985.8000
5556.3000 142020.4000
5557.3000 142057.7000
5558.3000 142096.7000
5559.3000 142136.0000
5560.3000 142175.3000
5561.3000 142214.3000
5562.3000 142253.9000
5563.3000 142292.0000
5564.3000 142329.9000
5565.3000 142368.2000
5566.3000 142406.8000
5567.3000 142443.8000
5568.3000 142479.4000
5569.3000 142514.9000
5570.3000 142551.5000
5571.3000 142590.1000
5572.3000 142630.9000
5573.3000 142670.7000
5574.3000 142711.6000
5575.3000 142751.6000
5576.3000 142789.8000
5577.3000 142826.5000
5578.3000 142863.2000
5579.3000 142901.5000
5580.3000 142941.2000
5581.3000 142979.8000
5582.3000 143018.2000
5583.3000 143056.8000
5584.3000 143095.5000
5585.3000 143133.8000
5586.3000 143172.8000
5587.3000 143212.2000
5588.3000 143251.5000
5589.3000 143290.3000
5590.3000 143330.5000
5591.3000 143367.5000
5592.3000 143404.2000
5593.3000 143439.4000
5594.3000 143474.6000
5595.3000 143509.6000
5596.3000 143543.7000
5597.3000 143575.6000
5598.3000 143606.4000
5599.3000 143636.6000
5600.3000 143664.9000
5601.3000 143692.3000
5602.3000 143720.8000
5603.3000 143751.5000
5604.3000 143783.9000
5605.3000 143816.4000
5606.3000 143847.8000
5607.3000 143880.5000
5608.3000 143913.7000
5609.3000 143947.6000
5610.3000 143980.7000
5611.3000 144012.4000
5612.3000 144043.9000
5613.3000 144074.6000
5614.3000 144105.0000
5615.3000 144136.0000
5616.3000 144167.3000
5617.3000 144196.8000
5618.3000 144226.0000
5619.3000 144256.5000
5620.3000 144289.4000
5621.3000 144320.0000
5622.3000 144351.1000
5623.3000 144380.9000
5624.3000 144412.4000
5625.3000 144444.5000
5626.3000 144477.1000
5627.3000 144509.7000
5628.3000 144542.8000
5629.3000 144575.0000
5630.3000 144607.2000
5631.3000 144639.6000
5632.3000 144671.9000
5633.3000 144703.9000
5634.3000 144737.7000
5635.3000 144771.3000
5636.3000 144803.2000
5637.3000 144832.7000
5638.3000 144862.6000
5639.3000 144891.7000
5640.3000 144922.4000
5641.3000 144955.1000
5642.3000 144988.2000
5643.3000 145019.5000
5644.3000 145050.9000
5645.3000 145082.9000
5646.3000 145116.9000
5647.3000 145153.3000
5648.3000 145186.7000
5649.3000 145218.8000
5650.3000 145251.7000
5651.3000 145283.6000
5652.3000 145316.3000
5653.3000 145348.0000
5654.3000 145378.1000
5655.3000 145408.3000
5656.3000 145438.6000
5657.3000 145469.7000
5658.3000 145503.0000
5659.3000 145538.4000
5660.3000 145575.2000
5661.3000 145612.1000
5662.3000 145649.0000
5663.3000 145687.0000
5664.3000 145726.0000
5665.3000 145765.5000
5666.3000 145805.7000
5667.3000 145843.3000
5668.3000 145880.6000
5669.3000 145916.7000
5670.3000 145955.4000
5671.3000 145994.1000
5672.3000 146030.9000
5673.3000 146068.8000
5674.3000 146107.5000
5675.3000 146146.5000
5676.3000 146186.2000
5677.3000 146224.2000
5678.3000 146260.4000
5679.3000 146294.0000
5680.3000 146327.0000
5681.3000 146359.7000
5682.3000 146391.7000
5683.3000 146423.7000
5684.3000 146456.3000
5685.3000 146491.4000
5686.3000 146529.8000
5687.3000 146569.8000
5688.3000 146608.2000
5689.3000 146646.9000
5690.3000 146683.3000
5691.3000 146717.4000
5692.3000 146753.6000
5693.3000 146789.6000
5694.3000 146824.9000
5695.3000 146860.8000
5696.3000 146897.8000
5697.3000 146936.2000
5698.3000 146972.6000
5699.3000 147008.9000
5700.3000 147045.4000
5701.3000 147082.3000
5702.3000 147116.1000
5703.3000 147148.6000
5704.3000 147179.7000
5705.3000 147210.7000
5706.3000 147241.5000
5707.3000 147272.8000
5708.3000 147303.8000
5709.3000 147335.6000
5710.3000 147365.7000
5711.3000 147394.5000
5712.3000 147424.5000
5713.3000 147455.2000
5714.3000 147485.9000
5715.3000 147520.6000
5716.3000 147556.6000
5717.3000 147592.6000
5718.3000 147628.8000
5719.3000 147667.4000
5720.3000 147708.0000
5721.3000 147748.1000
5722.3000 147787.8000
5723.3000 147827.0000
5724.3000 147864.8000
5725.3000 147902.5000
5726.3000 147941.9000
5727.3000 147981.9000
5728.3000 148022.0000
5729.3000 148063.1000
5730.3000 148105.0000
5731.3000 148146.5000
5732.3000 148186.5000
5733.3000 148225.5000
5734.3000 148263.8000
5735.3000 148303.4000
5736.3000 148342.8000
5737.3000 148380.9000
5738.3000 148420.1000
5739.3000 148460.8000
5740.3000 148501.8000
5741.3000 148543.1000
5742.3000 148585.5000
5743.3000 148629.2000
5744.3000 148671.2000
5745.3000 148713.6000
5746.3000 148755.3000
5747.3000 148793.9000
5748.3000 148831.8000
5749.3000 148869.9000
5750.3000 148906.9000
5751.3000 148943.9000
5752.3000 148980.3000
5753.3000 149017.3000
5754.3000 149055.1000
5755.3000 149091.1000
5756.3000 149125.2000
5757.3000 149159.2000
5758.3000 149193.5000
5759.3000 149226.9000
5760.3000 149262.3000
5761.3000 149298.3000
5762.3000 149335.1000
5763.3000 149371.6000
5764.3000 149406.3000
5765.3000 149440.6000
5766.3000 149475.6000
5767.3000 149512.4000
5768.3000 149549.5000
5769.3000 149584.5000
5770.3000 149617.6000
5771.3000 149649.7000
5772.3000 149679.7000
5773.3000 149708.7000
5774.3000 149737.7000
5775.3000 149766.9000
5776.3000 149798.9000
5777.3000 149832.6000
5778.3000 149867.5000
5779.3000 149903.1000
5780.3000 149937.7000
5781.3000 149969.1000
5782.3000 150000.0000
5783.3000 150030.7000
5784.3000 150060.4000
5785.3000 150089.2000
5786.3000 150117.2000
5787.3000 150146.9000
5788.3000 150177.8000
5789.3000 150210.0000
5790.3000 150242.0000
5791.3000 150275.9000
5792.3000 150313.5000
5793.3000 150353.5000
5794.3000 150392.1000
5795.3000 150428.3000
5796.3000 150464.6000
5797.3000 150500.6000
5798.3000 150535.4000
5799.3000 150569.4000
5800.3000 150604.5000
5801.3000 150637.5000
5802.3000 150668.2000
5803.3000 150697.5000
5804.3000 150726.5000
5805.3000 150755.5000
5806.3000 150783.5000
5807.3000 150811.6000
5808.3000 150840.8000
5809.3000 150872.2000
5810.3000 150904.2000
5811.3000 150936.6000
5812.3000 150966.9000
5813.3000 150997.1000
5814.3000 151030.3000
5815.3000 151065.7000
5816.3000 151103.0000
5817.3000 151139.8000
5818.3000 151176.2000
5819.3000 151212.7000
5820.3000 151253.2000
5821.3000 151294.0000
5822.3000 151335.0000
5823.3000 151375.0000
5824.3000 151414.5000
5825.3000 151455.9000
5826.3000 151497.7000
5827.3000 151538.7000
5828.3000 151580.1000
5829.3000 151623.1000
5830.3000 151668.0000
5831.3000 151713.4000
5832.3000 151758.5000
5833.3000 151804.9000
5834.3000 151851.3000
5835.3000 151894.9000
5836.3000 151937.5000
5837.3000 151977.9000
5838.3000 152017.9000
5839.3000 152055.9000
5840.3000 152092.8000
5841.3000 152128.9000
5842.3000 152166.3000
5843.3000 152205.1000
5844.3000 152243.8000
5845.3000 152283.9000
5846.3000 152324.5000
5847.3000 152366.4000
5848.3000 152410.7000
5849.3000 152455.6000
5850.3000 152499.4000
5851.3000 152542.1000
5852.3000 152584.5000
5853.3000 152627.9000
5854.3000 152671.6000
5855.3000 152719.4000
5856.3000 152767.4000
5857.3000 152815.2000
5858.3000 152861.7000
5859.3000 152907.2000
5860.3000 152953.3000
5861.3000 152998.7000
5862.3000 153043.9000
5863.3000 153088.9000
5864.3000 153132.6000
5865.3000 153175.8000
5866.3000 153219.4000
5867.3000 153263.1000
5868.3000 153307.0000
5869.3000 153350.5000
5870.3000 153395.8000
5871.3000 153439.7000
5872.3000 153481.9000
5873.3000 153524.0000
5874.3000 153568.3000
5875.3000 153611.3000
5876.3000 153652.0000
5877.3000 153692.7000
5878.3000 153732.5000
5879.3000 153771.4000
5880.3000 153811.1000
5881.3000 153849.2000
5882.3000 153887.0000
5883.3000 153925.0000
5884.3000 153962.9000
5885.3000 154000.1000
5886.3000 154036.1000
5887.3000 154072.5000
5888.3000 154109.9000
5889.3000 154148.2000
5890.3000 154187.1000
5891.3000 154228.0000
5892.3000 154269.5000
5893.3000 154310.6000
5894.3000 154352.5000
5895.3000 154394.8000
5896.3000 154436.3000
5897.3000 154476.8000
5898.3000 154517.4000
5899.3000 154559.7000
5900.3000 154603.6000
5901.3000 154647.