0.0 19
1.0 47
2.0 45
3.0 77
4.0 91
5.0 146
6.0 138
7.0 241
8.0 1330
9.0 1713
10.0 951
11.0 326
12.0 237
13.0 162
14.0 114
15.0 129
16.0 142
17.0 119
18.0 113
19.0 103
20.0 81
21.0 67
22.0 36
23.0 30
24.0 20
25.0 31
26.0 17
27.0 18
28.0 11
29.0 11
30.0 11
31.0 8
32.0 16
33.0 12
34.0 17
35.0 6
36.0 10
37.0 2
38.0 5
39.0 10
40.0 6
41.0 9
42.0 7
43.0 9
44.0 9
45.0 4
46.0 4
47.0 7
48.0 2
49.0 12
50.0 2
51.0 6
52.0 7
53.0 13
54.0 9
55.0 8
56.0 9
57.0 7
58.0 6
59.0 4
60.0 10
61.0 6
62.0 1
63.0 6
64.0 4
65.0 8
66.0 6
67.0 2
68.0 8
69.0 1
70.0 1
71.0 4
72.0 7
73.0 4
74.0 0
75.0 2
76.0 4
77.0 5
78.0 4
79.0 5
80.0 2
81.0 4
82.0 2
83.0 4
84.0 5
85.0 3
86.0 3
87.0 4
88.0 3
89.0 3
90.0 3
91.0 2
92.0 2
93.0 4
94.0 1
95.0 1
96.0 1
97.0 3
98.0 3
99.0 3
100.0 4
101.0 1
102.0 3
103.0 3
104.0 1
105.0 1
106.0 2
107.0 3
108.0 0
109.0 3
110.0 5
111.0 4
112.0 2
113.0 0
114.0 1
115.0 1
116.0 1
117.0 2
118.0 4
119.0 4
120.0 3
121.0 2
122.0 0
123.0 2
124.0 0
125.0 3
126.0 1
127.0 0
128.0 0
129.0 1
130.0 0
131.0 1
132.0 1
133.0 0
134.0 0
135.0 0
136.0 2
137.0 0
138.0 0
139.0 1
140.0 0
141.0 2
142.0 0
143.0 0
144.0 0
145.0 0
146.0 0
147.0 1
148.0 1
149.0 1
150.0 1
151.0 0
152.0 1
153.0 0
154.0 2
155.0 1
156.0 1
157.0 1
158.0 0
159.0 1
160.0 1
161.0 0
162.0 0
163.0 0
164.0 2
165.0 2
166.0 1
167.0 0
168.0 0
169.0 0
170.0 0
171.0 0
172.0 0
173.0 0
174.0 0
175.0 0
176.0 1
177.0 0
178.0 0
179.0 0
180.0 0
181.0 1
182.0 0
183.0 1
184.0 1
185.0 1
186.0 0
187.0 0
188.0 0
189.0 0
190.0 0
191.0 0
192.0 1
193.0 2
194.0 0
195.0 0
196.0 0
197.0 0
198.0 0
199.0 0
200.0 2
201.0 0
202.0 0
203.0 0
204.0 1
205.0 0
206.0 0
207.0 0
208.0 0
209.0 0
210.0 0
211.0 1
212.0 0
213.0 0
214.0 0
215.0 0
216.0 0
217.0 0
218.0 0
219.0 0
220.0 0
221.0 0
222.0 1
223.0 0
224.0 0
225.0 0
226.0 0
227.0 0
228.0 0
229.0 0
230.0 0
231.0 0
232.0 0
233.0 0
234.0 0
235.0 1
236.0 0
237.0 0
238.0 0
239.0 0
240.0 0
241.0 0
242.0 0
243.0 0
244.0 1
245.0 0
246.0 0
247.0 0
248.0 0
249.0 0
250.0 0
251.0 1
252.0 0
253.0 0
254.0 0
255.0 0
256.0 0
257.0 0
258.0 0
259.0 0
260.0 0
261.0 0
262.0 0
263.0 0
264.0 0
265.0 0
266.0 0
267.0 0
268.0 0
269.0 0
270.0 0
271.0 0
272.0 0
273.0 0
274.0 0
275.0 0
276.0 0
277.0 0
278.0 0
279.0 0
280.0 0
281.0 0
282.0 0
283.0 0
284.0 0
285.0 0
286.0 0
287.0 0
288.0 0
289.0 0
290.0 0
291.0 0
292.0 1
293.0 1
294.0 0
295.0 0
296.0 0
297.0 1
298.0 0
299.0 0
300.0 0
301.0 0
302.0 0
303.0 0
304.0 0
305.0 0
306.0 0
307.0 0
308.0 0
309.0 0
310.0 0
311.0 0
312.0 0
313.0 1
314.0 0
315.0 0
316.0 0
317.0 0
318.0 0
319.0 0
320.0 0
321.0 0
322.0 0
323.0 0
324.0 0
325.0 0
326.0 0
327.0 0
328.0 0
329.0 0
330.0 1
331.0 0
332.0 0
333.0 0
334.0 0
335.0 0
336.0 0
337.0 0
338.0 0
339.0 0
340.0 0
341.0 0
342.0 0
343.0 0
344.0 0
345.0 0
346.0 0
347.0 0
348.0 0
349.0 0
350.0 0
351.0 0
352.0 0
353.0 0
354.0 0
355.0 0
356.0 0
357.0 0
358.0 0
359.0 0
360.0 0
361.0 0
362.0 0
363.0 0
364.0 0
365.0 0
366.0 0
367.0 0
368.0 0
369.0 0
370.0 0
371.0 0
372.0 0
373.0 1
374.0 0
375.0 0
376.0 0
377.0 0
378.0 0
379.0 0
380.0 0
381.0 0
382.0 0
383.0 0
384.0 0
385.0 0
386.0 0
387.0 0
388.0 0
389.0 0
390.0 0
391.0 0
392.0 0
393.0 0
394.0 0
395.0 0
396.0 0
397.0 0
398.0 0
399.0 0
400.0 0
401.0 0
402.0 0
403.0 0
404.0 0
405.0 0
406.0 0
407.0 0
408.0 0
409.0 0
410.0 1
411.0 0
