0 211
1 265
2 175
3 221
4 226
5 230
6 239
7 177
8 189
9 207
10 243
11 223
12 246
13 230
14 224
15 240
16 242
17 216
18 185
19 206
20 217
21 240
22 246
23 267
24 230
25 230
26 246
27 196
28 238
29 233
30 271
31 247
32 234
33 239
34 250
35 205
36 278
37 214
38 231
39 234
40 212
41 260
42 274
43 232
44 248
45 238
46 263
47 240
48 200
49 222
50 254
51 225
52 236
53 244
54 247
55 231
56 253
57 204
58 227
59 229
60 214
61 228
62 240
63 234
64 183
65 199
66 232
67 258
68 227
69 244
70 236
71 260
72 236
73 233
74 263
75 237
76 250
77 230
78 230
79 273
80 219
81 257
82 250
83 229
84 229
85 238
86 218
87 235
88 254
89 222
90 244
91 223
92 235
93 230
94 250
95 242
