0 1596
1 1552
2 1653
3 1609
4 1674
5 1664
6 1529
7 1706
8 1542
9 1583
10 1654
11 1635
12 1526
13 1579
14 1613
15 1548
16 1658
17 1600
18 1620
19 1679
20 1581
21 1634
22 1648
23 1635
24 1600
25 1593
26 1748
27 1660
28 1623
29 1615
30 1587
31 1582
32 1660
33 1588
34 1635
35 1632
36 1577
37 1667
38 1649
39 1627
40 1654
41 1577
42 1674
43 1598
44 1590
45 1608
46 1633
47 1542
48 1611
49 1718
50 1597
51 1712
52 1603
53 1561
54 1644
55 1624
56 1646
57 1636
58 1581
59 1621
60 1555
61 1557
62 1580
63 1589
64 1574
65 1660
66 1535
67 1643
68 1586
69 1687
70 1532
71 1645
72 1658
73 1572
74 1587
75 1591
76 1615
77 1558
78 1608
79 1713
80 1646
81 1652
82 1681
83 1587
84 1613
85 1683
86 1620
87 1671
88 1676
89 1636
90 1584
91 1599
92 1637
93 1578
94 1581
95 1612
