0 318
1 310
2 356
3 349
4 338
5 314
6 327
7 371
8 348
9 351
10 345
11 297
12 350
13 319
14 358
15 331
16 312
17 330
18 339
19 338
20 292
21 324
22 339
23 345
24 391
25 297
26 339
27 336
28 346
29 392
30 404
31 390
32 379
33 381
34 385
35 388
36 379
37 381
38 398
39 388
40 415
41 427
42 355
43 367
44 406
45 345
46 385
47 413
48 409
49 339
50 440
51 397
52 417
53 352
54 430
55 361
56 347
57 432
58 334
59 336
60 359
61 323
62 367
63 343
64 379
65 323
66 361
67 333
68 414
69 321
70 308
71 329
72 312
73 344
74 337
75 311
76 347
77 338
78 332
79 329
80 353
81 351
82 319
83 304
84 391
85 318
86 338
87 357
88 359
89 349
90 493
91 525
92 703
93 650
94 622
95 632
