0 2
1 2
2 2
3 8
4 4
5 2
6 4
7 0
8 0
9 3
10 6
11 2
12 0
13 6
14 2
15 5
16 0
17 0
18 0
19 1
20 0
21 0
22 1
23 1
24 6
25 3
26 2
27 4
28 5
29 2
30 2
31 3
32 5
33 4
34 0
35 0
36 4
37 0
38 3
39 2
40 7
41 6
42 3
43 9
44 8
45 2
46 2
47 5
48 5
49 6
50 10
51 7
52 8
53 7
54 7
55 5
56 7
57 9
58 7
59 7
60 6
61 5
62 7
63 0
64 5
65 12
66 7
67 12
68 8
69 7
70 10
71 6
72 10
73 2
74 4
75 6
76 7
77 4
78 5
79 7
80 3
81 3
82 0
83 0
84 2
85 0
86 0
87 2
88 4
89 2
90 2
91 1
92 0
93 0
94 0
95 10
96 0
97 0
98 1
99 0
100 1
101 1
102 1
103 5
104 1
105 2
106 0
107 2
108 0
109 0
110 1
111 0
112 0
113 7
114 1
115 5
116 4
117 0
118 0
119 6
120 7
121 3
122 10
123 5
124 15
125 16
