0 38
1 28
2 15
3 35
4 32
5 29
6 36
7 27
8 31
9 30
10 38
11 44
12 19
13 20
14 33
15 21
16 26
17 12
18 34
19 26
20 35
21 46
22 28
23 37
24 19
25 39
26 23
27 26
28 22
29 33
30 27
31 22
32 44
33 33
34 31
35 21
36 49
37 29
38 31
39 29
40 76
41 48
42 75
43 81
44 57
45 65
46 68
47 77
48 63
49 69
50 71
51 76
52 81
53 71
54 72
55 82
56 75
57 88
58 73
59 54
60 80
61 70
62 91
63 60
64 74
65 80
66 76
67 70
68 70
69 69
70 81
71 70
72 60
73 56
74 83
75 71
76 65
77 72
78 77
79 81
80 38
81 60
82 30
83 32
84 28
85 32
86 31
87 31
88 33
89 32
90 37
91 22
92 29
93 28
94 41
95 34
96 22
97 28
98 24
99 21
100 45
101 34
102 50
103 36
104 53
105 41
106 22
107 24
108 52
109 19
110 25
111 14
112 46
113 34
114 27
115 40
116 10
117 30
118 35
119 40
120 83
121 79
122 105
123 91
124 126
125 128
